1	483	0.00
1	482	0.00
1	481	0.00
1	479	0.00
1	478	0.00
1	477	0.00
1	476	0.00
1	475	0.00
1	474	0.00
1	472	0.00
1	471	0.00
1	470	0.00
1	469	0.00
1	468	0.00
1	467	0.00
1	466	0.00
1	465	0.00
1	464	0.00
1	463	0.00
1	462	0.00
1	461	0.00
1	460	0.00
1	459	0.00
1	458	0.00
1	457	0.00
1	456	0.00
1	455	0.00
1	454	0.00
1	453	0.00
1	452	0.00
1	451	0.00
1	450	0.00
1	449	0.00
1	448	0.00
1	447	0.00
1	446	0.00
1	445	0.00
1	444	0.00
1	443	0.00
1	442	0.00
1	441	0.00
1	440	0.00
1	439	0.00
1	438	0.00
1	437	0.00
1	436	0.00
1	435	0.00
1	434	0.00
1	433	0.00
1	432	0.00
1	431	0.00
1	430	0.00
1	429	0.00
1	428	0.00
1	427	0.00
1	426	0.00
1	425	0.00
1	424	0.00
1	423	0.00
1	422	0.00
1	421	0.00
1	420	0.00
1	419	0.00
1	418	0.00
1	417	0.00
1	416	0.00
1	415	0.00
1	414	0.00
1	413	0.00
1	412	0.00
1	411	0.00
1	410	0.00
1	409	0.00
1	408	0.00
1	407	0.00
1	406	0.00
1	405	0.00
1	404	0.00
1	403	0.00
1	402	0.00
1	401	0.00
1	400	0.00
1	399	0.00
1	398	0.00
1	397	0.00
1	396	0.00
1	395	0.00
1	394	0.00
1	393	0.00
1	392	0.00
1	391	0.00
1	390	0.00
1	389	0.00
1	388	0.00
1	387	0.00
1	386	0.00
1	385	0.00
1	384	0.00
1	383	0.00
1	382	0.00
1	381	0.00
1	380	0.00
1	379	0.00
1	378	0.00
1	377	0.00
1	376	0.00
1	375	0.00
1	374	0.00
1	373	0.00
1	372	0.00
1	371	0.00
1	370	0.00
1	369	0.00
1	368	0.00
1	367	0.00
1	366	0.00
1	365	0.00
1	364	0.00
1	363	0.00
1	362	0.00
1	361	0.00
1	360	0.00
1	359	0.00
1	358	0.00
1	357	0.00
1	356	0.00
1	355	0.00
1	354	0.00
1	353	0.00
1	352	0.00
1	351	0.00
1	350	0.00
1	349	0.00
1	348	0.00
1	347	0.00
1	346	0.00
1	345	0.00
1	344	0.00
1	343	0.00
1	342	0.00
1	341	0.00
1	340	0.00
1	339	0.00
1	338	0.00
1	337	0.00
1	336	0.00
1	335	0.00
1	334	0.00
1	333	0.00
1	332	0.00
1	331	0.00
1	330	0.00
1	329	0.00
1	328	0.00
1	327	0.00
1	326	0.00
1	325	0.00
1	324	0.00
1	323	0.00
1	322	0.00
1	321	0.00
1	320	0.00
1	319	0.00
1	318	0.00
1	317	0.00
1	316	0.00
1	315	0.00
1	314	0.00
1	313	0.00
1	312	0.00
1	311	0.00
1	310	0.00
1	309	0.00
1	308	0.00
1	307	0.00
1	306	0.00
1	305	0.00
1	304	0.00
1	303	0.00
1	302	0.00
1	301	0.00
1	300	0.00
1	299	0.00
1	298	0.00
1	297	0.00
1	296	0.00
1	295	0.00
1	294	0.00
1	293	0.00
1	292	0.00
1	291	0.00
1	290	0.00
1	289	0.00
1	288	0.00
1	287	0.00
1	286	0.00
1	285	0.00
1	284	0.00
1	283	0.00
1	282	0.00
1	281	0.00
1	280	0.00
1	279	0.00
1	278	0.00
1	277	0.00
1	276	0.00
1	275	0.00
1	274	0.00
1	273	0.00
1	272	0.00
1	271	0.00
1	270	0.00
1	269	0.00
1	268	0.00
1	267	0.00
1	266	0.00
1	265	0.00
1	264	0.00
1	263	0.00
1	262	0.00
1	261	0.00
1	260	0.00
1	259	0.00
1	258	0.00
1	257	0.00
1	256	0.00
1	255	0.00
1	254	0.00
1	253	0.00
1	252	0.00
1	251	0.00
1	250	0.00
1	249	0.00
1	248	0.00
1	247	0.00
1	246	0.00
1	245	0.00
1	244	0.00
1	243	0.00
1	242	0.00
1	241	0.00
1	240	0.00
1	239	0.00
1	238	0.00
1	237	0.00
1	236	0.00
1	235	0.00
1	234	0.00
1	233	0.00
1	232	0.00
1	231	0.00
1	230	0.00
1	229	0.00
1	228	0.00
1	227	0.00
1	226	0.00
1	225	0.00
1	224	0.00
1	223	0.00
1	222	0.00
1	221	0.00
1	220	0.00
1	219	0.00
1	218	0.00
1	217	0.00
1	216	0.00
1	215	0.00
1	214	0.00
1	213	0.00
1	212	0.00
1	211	0.00
1	210	0.00
1	209	0.00
1	208	0.00
1	207	0.00
1	206	0.00
1	205	0.00
1	204	0.00
1	203	0.00
1	202	0.00
1	201	0.00
1	200	0.00
1	199	0.00
1	198	0.00
1	197	0.00
1	196	0.00
1	195	0.00
1	194	0.00
1	193	0.00
1	192	0.00
1	191	0.00
1	190	0.00
1	189	0.00
1	188	0.00
1	187	0.00
1	186	0.00
1	185	0.00
1	184	0.00
1	183	0.00
1	182	0.00
1	181	0.00
1	180	0.00
1	179	0.00
1	178	0.00
1	177	0.00
1	176	0.01
1	175	0.01
1	174	0.01
1	173	0.01
1	172	0.01
1	171	0.01
1	170	0.01
1	169	0.01
1	168	0.01
1	167	0.01
1	166	0.01
1	165	0.01
1	164	0.01
1	163	0.01
1	162	0.01
1	161	0.01
1	160	0.01
1	159	0.01
1	158	0.01
1	157	0.01
1	156	0.01
1	155	0.01
1	154	0.01
1	153	0.01
1	152	0.01
1	151	0.01
1	150	0.01
1	149	0.01
1	148	0.01
1	147	0.01
1	146	0.01
1	145	0.01
1	144	0.01
1	143	0.01
1	142	0.01
1	141	0.01
1	140	0.01
1	139	0.01
1	138	0.01
1	137	0.01
1	136	0.01
1	135	0.01
1	134	0.01
1	133	0.01
1	132	0.01
1	131	0.01
1	130	0.01
1	129	0.01
1	128	0.01
1	127	0.01
1	126	0.02
1	125	0.02
1	124	0.02
1	123	0.02
1	122	0.02
1	121	0.02
1	120	0.02
1	119	0.02
1	118	0.02
1	117	0.02
1	116	0.02
1	115	0.02
1	114	0.02
1	113	0.02
1	112	0.02
1	111	0.02
1	110	0.02
1	109	0.03
1	108	0.03
1	107	0.03
1	106	0.03
1	105	0.03
1	104	0.03
1	103	0.03
1	102	0.03
1	101	0.03
1	100	0.03
1	99	0.04
1	98	0.04
1	97	0.04
1	96	0.04
1	95	0.04
1	94	0.04
1	93	0.04
1	92	0.05
1	91	0.05
1	90	0.05
1	89	0.05
1	88	0.05
1	87	0.05
1	86	0.06
1	85	0.06
1	84	0.06
1	83	0.06
1	82	0.06
1	81	0.07
1	80	0.07
1	79	0.07
1	78	0.07
1	77	0.08
1	76	0.08
1	75	0.08
1	74	0.09
1	73	0.09
1	72	0.09
1	71	0.09
1	70	0.10
1	69	0.10
1	68	0.11
1	67	0.11
1	66	0.11
1	65	0.12
1	64	0.12
1	63	0.13
1	62	0.13
1	61	0.14
1	60	0.14
1	59	0.14
1	58	0.15
1	57	0.16
1	56	0.16
1	55	0.17
1	54	0.17
1	53	0.18
1	52	0.18
1	51	0.19
1	50	0.20
1	49	0.21
1	48	0.21
1	47	0.22
1	46	0.23
1	45	0.24
1	44	0.24
1	43	0.25
1	42	0.26
1	41	0.27
1	40	0.28
1	39	0.29
1	38	0.30
1	37	0.31
1	36	0.33
1	35	0.34
1	34	0.35
1	33	0.36
1	32	0.38
1	31	0.39
1	30	0.41
1	29	0.42
1	28	0.44
1	27	0.45
1	26	0.47
1	25	0.49
1	24	0.50
1	23	0.52
1	22	0.54
1	21	0.56
1	20	0.58
1	19	0.59
1	18	0.61
1	17	0.64
1	16	0.66
1	15	0.68
1	14	0.70
1	13	0.72
1	12	0.74
1	11	0.76
1	10	0.79
1	9	0.81
1	8	0.83
1	7	0.85
1	6	0.88
1	5	0.90
1	4	0.92
1	3	0.94
1	2	0.96
1	1	0.98
1	0	1.00
2	369	0.00
2	368	0.00
2	367	0.00
2	366	0.00
2	365	0.00
2	364	0.00
2	363	0.00
2	362	0.00
2	361	0.00
2	360	0.00
2	359	0.00
2	358	0.00
2	357	0.00
2	356	0.00
2	355	0.00
2	354	0.00
2	353	0.00
2	352	0.00
2	351	0.00
2	350	0.00
2	349	0.00
2	348	0.00
2	347	0.00
2	346	0.00
2	345	0.00
2	344	0.00
2	343	0.00
2	342	0.00
2	341	0.00
2	340	0.00
2	339	0.00
2	338	0.00
2	337	0.00
2	336	0.00
2	335	0.00
2	334	0.00
2	333	0.00
2	332	0.00
2	331	0.00
2	330	0.00
2	329	0.00
2	328	0.00
2	327	0.00
2	326	0.00
2	325	0.00
2	324	0.00
2	323	0.00
2	322	0.00
2	321	0.00
2	320	0.00
2	319	0.00
2	318	0.00
2	317	0.00
2	316	0.00
2	315	0.00
2	314	0.00
2	313	0.00
2	312	0.00
2	311	0.00
2	310	0.00
2	309	0.00
2	308	0.00
2	307	0.00
2	306	0.00
2	305	0.00
2	304	0.00
2	303	0.00
2	302	0.00
2	301	0.00
2	300	0.00
2	299	0.00
2	298	0.00
2	297	0.00
2	296	0.00
2	295	0.00
2	294	0.00
2	293	0.00
2	292	0.00
2	291	0.00
2	290	0.00
2	289	0.00
2	288	0.00
2	287	0.00
2	286	0.00
2	285	0.00
2	284	0.00
2	283	0.00
2	282	0.00
2	281	0.00
2	280	0.00
2	279	0.00
2	278	0.00
2	277	0.00
2	276	0.00
2	275	0.00
2	274	0.00
2	273	0.00
2	272	0.00
2	271	0.00
2	270	0.00
2	269	0.00
2	268	0.00
2	267	0.00
2	266	0.00
2	265	0.00
2	264	0.00
2	263	0.00
2	262	0.00
2	261	0.00
2	260	0.00
2	259	0.00
2	258	0.00
2	257	0.00
2	256	0.00
2	255	0.00
2	254	0.00
2	253	0.00
2	252	0.00
2	251	0.00
2	250	0.00
2	249	0.00
2	248	0.00
2	247	0.00
2	246	0.00
2	245	0.00
2	244	0.00
2	243	0.00
2	242	0.00
2	241	0.00
2	240	0.00
2	239	0.00
2	238	0.00
2	237	0.00
2	236	0.00
2	235	0.00
2	234	0.00
2	233	0.00
2	232	0.00
2	231	0.00
2	230	0.00
2	229	0.00
2	228	0.00
2	227	0.00
2	226	0.00
2	225	0.00
2	224	0.00
2	223	0.00
2	222	0.00
2	221	0.00
2	220	0.00
2	219	0.00
2	218	0.00
2	217	0.00
2	216	0.00
2	215	0.00
2	214	0.00
2	213	0.00
2	212	0.00
2	211	0.00
2	210	0.00
2	209	0.00
2	208	0.00
2	207	0.00
2	206	0.00
2	205	0.00
2	204	0.00
2	203	0.00
2	202	0.00
2	201	0.00
2	200	0.00
2	199	0.00
2	198	0.00
2	197	0.00
2	196	0.00
2	195	0.00
2	194	0.00
2	193	0.00
2	192	0.00
2	191	0.00
2	190	0.00
2	189	0.00
2	188	0.00
2	187	0.00
2	186	0.00
2	185	0.00
2	184	0.00
2	183	0.00
2	182	0.00
2	181	0.00
2	180	0.00
2	179	0.00
2	178	0.01
2	177	0.01
2	176	0.01
2	175	0.01
2	174	0.01
2	173	0.01
2	172	0.01
2	171	0.01
2	170	0.01
2	169	0.01
2	168	0.01
2	167	0.01
2	166	0.01
2	165	0.01
2	164	0.01
2	163	0.01
2	162	0.01
2	161	0.01
2	160	0.01
2	159	0.01
2	158	0.01
2	157	0.01
2	156	0.01
2	155	0.01
2	154	0.01
2	153	0.01
2	152	0.01
2	151	0.01
2	150	0.01
2	149	0.01
2	148	0.01
2	147	0.01
2	146	0.01
2	145	0.01
2	144	0.01
2	143	0.01
2	142	0.01
2	141	0.01
2	140	0.01
2	139	0.01
2	138	0.01
2	137	0.01
2	136	0.01
2	135	0.01
2	134	0.01
2	133	0.01
2	132	0.01
2	131	0.02
2	130	0.02
2	129	0.02
2	128	0.02
2	127	0.02
2	126	0.02
2	125	0.02
2	124	0.02
2	123	0.02
2	122	0.02
2	121	0.02
2	120	0.02
2	119	0.02
2	118	0.02
2	117	0.02
2	116	0.02
2	115	0.02
2	114	0.03
2	113	0.03
2	112	0.03
2	111	0.03
2	110	0.03
2	109	0.03
2	108	0.03
2	107	0.03
2	106	0.03
2	105	0.03
2	104	0.04
2	103	0.04
2	102	0.04
2	101	0.04
2	100	0.04
2	99	0.04
2	98	0.04
2	97	0.05
2	96	0.05
2	95	0.05
2	94	0.05
2	93	0.05
2	92	0.06
2	91	0.06
2	90	0.06
2	89	0.06
2	88	0.06
2	87	0.07
2	86	0.07
2	85	0.07
2	84	0.07
2	83	0.08
2	82	0.08
2	81	0.08
2	80	0.08
2	79	0.09
2	78	0.09
2	77	0.09
2	76	0.10
2	75	0.10
2	74	0.10
2	73	0.11
2	72	0.11
2	71	0.11
2	70	0.12
2	69	0.12
2	68	0.13
2	67	0.13
2	66	0.14
2	65	0.14
2	64	0.15
2	63	0.15
2	62	0.16
2	61	0.17
2	60	0.17
2	59	0.18
2	58	0.19
2	57	0.19
2	56	0.20
2	55	0.21
2	54	0.21
2	53	0.22
2	52	0.23
2	51	0.24
2	50	0.25
2	49	0.26
2	48	0.27
2	47	0.27
2	46	0.28
2	45	0.29
2	44	0.31
2	43	0.32
2	42	0.33
2	41	0.34
2	40	0.35
2	39	0.36
2	38	0.38
2	37	0.39
2	36	0.40
2	35	0.42
2	34	0.43
2	33	0.45
2	32	0.46
2	31	0.48
2	30	0.49
2	29	0.51
2	28	0.53
2	27	0.54
2	26	0.56
2	25	0.58
2	24	0.60
2	23	0.62
2	22	0.64
2	21	0.65
2	20	0.67
2	19	0.69
2	18	0.71
2	17	0.73
2	16	0.75
2	15	0.77
2	14	0.78
2	13	0.80
2	12	0.82
2	11	0.84
2	10	0.86
2	9	0.88
2	8	0.89
2	7	0.91
2	6	0.93
2	5	0.94
2	4	0.96
2	3	0.97
2	2	0.98
2	1	0.99
2	0	1.00
3	184	0.00
3	183	0.00
3	182	0.00
3	181	0.00
3	180	0.00
3	179	0.00
3	178	0.00
3	177	0.00
3	176	0.00
3	175	0.00
3	174	0.00
3	173	0.00
3	172	0.00
3	171	0.00
3	170	0.00
3	169	0.00
3	168	0.00
3	167	0.00
3	166	0.00
3	165	0.00
3	164	0.00
3	163	0.00
3	162	0.00
3	161	0.00
3	160	0.00
3	159	0.00
3	158	0.00
3	157	0.00
3	156	0.00
3	155	0.00
3	154	0.00
3	153	0.00
3	152	0.00
3	151	0.00
3	150	0.00
3	149	0.00
3	148	0.00
3	147	0.00
3	146	0.00
3	145	0.00
3	144	0.00
3	143	0.00
3	142	0.00
3	141	0.00
3	140	0.00
3	139	0.00
3	138	0.00
3	137	0.00
3	136	0.00
3	135	0.00
3	134	0.00
3	133	0.00
3	132	0.00
3	131	0.00
3	130	0.00
3	129	0.00
3	128	0.01
3	127	0.01
3	126	0.01
3	125	0.01
3	124	0.01
3	123	0.01
3	122	0.01
3	121	0.01
3	120	0.01
3	119	0.01
3	118	0.01
3	117	0.01
3	116	0.01
3	115	0.01
3	114	0.01
3	113	0.01
3	112	0.01
3	111	0.01
3	110	0.01
3	109	0.01
3	108	0.02
3	107	0.02
3	106	0.02
3	105	0.02
3	104	0.02
3	103	0.02
3	102	0.02
3	101	0.02
3	100	0.02
3	99	0.02
3	98	0.03
3	97	0.03
3	96	0.03
3	95	0.03
3	94	0.03
3	93	0.03
3	92	0.03
3	91	0.03
3	90	0.04
3	89	0.04
3	88	0.04
3	87	0.04
3	86	0.04
3	85	0.05
3	84	0.05
3	83	0.05
3	82	0.05
3	81	0.05
3	80	0.06
3	79	0.06
3	78	0.06
3	77	0.07
3	76	0.07
3	75	0.07
3	74	0.07
3	73	0.08
3	72	0.08
3	71	0.08
3	70	0.09
3	69	0.09
3	68	0.10
3	67	0.10
3	66	0.10
3	65	0.11
3	64	0.11
3	63	0.12
3	62	0.12
3	61	0.13
3	60	0.14
3	59	0.14
3	58	0.15
3	57	0.15
3	56	0.16
3	55	0.17
3	54	0.18
3	53	0.18
3	52	0.19
3	51	0.20
3	50	0.21
3	49	0.22
3	48	0.23
3	47	0.24
3	46	0.25
3	45	0.26
3	44	0.27
3	43	0.28
3	42	0.29
3	41	0.30
3	40	0.31
3	39	0.33
3	38	0.34
3	37	0.35
3	36	0.37
3	35	0.38
3	34	0.40
3	33	0.41
3	32	0.43
3	31	0.44
3	30	0.46
3	29	0.48
3	28	0.49
3	27	0.51
3	26	0.53
3	25	0.55
3	24	0.57
3	23	0.59
3	22	0.61
3	21	0.63
3	20	0.65
3	19	0.67
3	18	0.69
3	17	0.71
3	16	0.73
3	15	0.75
3	14	0.77
3	13	0.79
3	12	0.81
3	11	0.83
3	10	0.85
3	9	0.87
3	8	0.88
3	7	0.90
3	6	0.92
3	5	0.93
3	4	0.95
3	3	0.96
3	2	0.98
3	1	0.99
3	0	1.00
4	1153	0.00
4	1152	0.00
4	1151	0.00
4	1150	0.00
4	1149	0.00
4	1148	0.00
4	1147	0.00
4	1146	0.00
4	1145	0.00
4	1144	0.00
4	1143	0.00
4	1142	0.00
4	1141	0.00
4	1140	0.00
4	1139	0.00
4	1138	0.00
4	1137	0.00
4	1136	0.00
4	1135	0.00
4	1134	0.00
4	1133	0.00
4	1132	0.00
4	1131	0.00
4	1130	0.00
4	1129	0.00
4	1128	0.00
4	1127	0.00
4	1126	0.00
4	1125	0.00
4	1124	0.00
4	1123	0.00
4	1122	0.00
4	1121	0.00
4	1120	0.00
4	1119	0.00
4	1118	0.00
4	1117	0.00
4	1116	0.00
4	1115	0.00
4	1114	0.00
4	1113	0.00
4	1112	0.00
4	1111	0.00
4	1110	0.00
4	1109	0.00
4	1108	0.00
4	1107	0.00
4	1106	0.00
4	1105	0.00
4	1104	0.00
4	1103	0.00
4	1102	0.00
4	1101	0.00
4	1100	0.00
4	1099	0.00
4	1098	0.00
4	1097	0.00
4	1096	0.00
4	1095	0.00
4	1094	0.00
4	1093	0.00
4	1092	0.00
4	1091	0.00
4	1090	0.00
4	1089	0.00
4	1088	0.00
4	1087	0.00
4	1086	0.00
4	1085	0.00
4	1084	0.00
4	1083	0.00
4	1082	0.00
4	1081	0.00
4	1080	0.00
4	1079	0.00
4	1078	0.00
4	1077	0.00
4	1076	0.00
4	1075	0.00
4	1074	0.00
4	1073	0.00
4	1072	0.00
4	1071	0.00
4	1070	0.00
4	1069	0.00
4	1068	0.00
4	1067	0.00
4	1066	0.00
4	1065	0.00
4	1064	0.00
4	1063	0.00
4	1062	0.00
4	1061	0.00
4	1060	0.00
4	1059	0.00
4	1058	0.00
4	1057	0.00
4	1056	0.00
4	1055	0.00
4	1054	0.00
4	1053	0.00
4	1052	0.00
4	1051	0.00
4	1050	0.00
4	1049	0.00
4	1048	0.00
4	1047	0.00
4	1046	0.00
4	1045	0.00
4	1044	0.00
4	1043	0.00
4	1042	0.00
4	1041	0.00
4	1040	0.00
4	1039	0.00
4	1038	0.00
4	1037	0.00
4	1036	0.00
4	1035	0.00
4	1034	0.00
4	1033	0.00
4	1032	0.00
4	1031	0.00
4	1030	0.00
4	1029	0.00
4	1028	0.00
4	1027	0.00
4	1026	0.00
4	1025	0.00
4	1024	0.00
4	1023	0.00
4	1022	0.00
4	1021	0.00
4	1020	0.00
4	1019	0.00
4	1018	0.00
4	1017	0.00
4	1016	0.00
4	1015	0.00
4	1014	0.00
4	1013	0.00
4	1012	0.00
4	1011	0.00
4	1010	0.00
4	1009	0.00
4	1008	0.00
4	1007	0.00
4	1006	0.00
4	1005	0.00
4	1004	0.00
4	1003	0.00
4	1002	0.00
4	1001	0.00
4	1000	0.00
4	999	0.00
4	998	0.00
4	997	0.00
4	996	0.00
4	995	0.00
4	994	0.00
4	993	0.00
4	992	0.00
4	991	0.00
4	990	0.00
4	989	0.00
4	988	0.00
4	987	0.00
4	986	0.00
4	985	0.00
4	984	0.00
4	983	0.00
4	982	0.00
4	981	0.00
4	980	0.00
4	979	0.00
4	978	0.00
4	977	0.00
4	976	0.00
4	975	0.00
4	974	0.00
4	973	0.00
4	972	0.00
4	971	0.00
4	970	0.00
4	969	0.00
4	968	0.00
4	967	0.00
4	966	0.00
4	965	0.00
4	964	0.00
4	963	0.00
4	962	0.00
4	961	0.00
4	960	0.00
4	959	0.00
4	958	0.00
4	957	0.00
4	956	0.00
4	955	0.00
4	954	0.00
4	953	0.00
4	952	0.00
4	951	0.00
4	950	0.00
4	949	0.00
4	948	0.00
4	947	0.00
4	946	0.00
4	945	0.00
4	944	0.00
4	943	0.00
4	942	0.00
4	941	0.00
4	940	0.00
4	939	0.00
4	938	0.00
4	937	0.00
4	936	0.00
4	935	0.00
4	934	0.00
4	933	0.00
4	932	0.00
4	931	0.00
4	930	0.00
4	929	0.00
4	928	0.00
4	927	0.00
4	926	0.00
4	925	0.00
4	924	0.00
4	923	0.00
4	922	0.00
4	921	0.00
4	920	0.00
4	919	0.00
4	918	0.00
4	917	0.00
4	916	0.00
4	915	0.00
4	914	0.00
4	913	0.00
4	912	0.00
4	911	0.00
4	910	0.00
4	909	0.00
4	908	0.00
4	907	0.00
4	906	0.00
4	905	0.00
4	904	0.00
4	903	0.00
4	902	0.00
4	901	0.00
4	900	0.00
4	899	0.00
4	898	0.00
4	897	0.00
4	896	0.00
4	895	0.00
4	894	0.00
4	893	0.00
4	892	0.00
4	891	0.00
4	890	0.00
4	889	0.00
4	888	0.00
4	887	0.00
4	886	0.00
4	885	0.00
4	884	0.00
4	883	0.00
4	882	0.00
4	881	0.00
4	880	0.00
4	879	0.00
4	878	0.00
4	877	0.00
4	876	0.00
4	875	0.00
4	874	0.00
4	873	0.00
4	872	0.00
4	871	0.00
4	870	0.00
4	869	0.00
4	868	0.00
4	867	0.00
4	866	0.00
4	865	0.00
4	864	0.00
4	863	0.00
4	862	0.00
4	861	0.00
4	860	0.00
4	859	0.00
4	858	0.00
4	857	0.00
4	856	0.00
4	855	0.00
4	854	0.00
4	853	0.00
4	852	0.00
4	851	0.00
4	850	0.00
4	849	0.00
4	848	0.00
4	847	0.00
4	846	0.00
4	845	0.00
4	844	0.00
4	843	0.00
4	842	0.00
4	841	0.00
4	840	0.00
4	839	0.00
4	838	0.00
4	837	0.00
4	836	0.00
4	835	0.00
4	834	0.00
4	833	0.00
4	832	0.00
4	831	0.00
4	830	0.00
4	829	0.00
4	828	0.00
4	827	0.00
4	826	0.00
4	825	0.00
4	824	0.00
4	823	0.00
4	822	0.00
4	821	0.00
4	820	0.00
4	819	0.00
4	818	0.00
4	817	0.00
4	816	0.00
4	815	0.00
4	814	0.00
4	813	0.00
4	812	0.00
4	811	0.00
4	810	0.00
4	809	0.00
4	808	0.00
4	807	0.00
4	806	0.00
4	805	0.00
4	804	0.00
4	803	0.00
4	802	0.00
4	801	0.00
4	800	0.00
4	799	0.00
4	798	0.00
4	797	0.00
4	796	0.00
4	795	0.00
4	794	0.00
4	793	0.00
4	792	0.00
4	791	0.00
4	790	0.00
4	789	0.00
4	788	0.00
4	787	0.00
4	786	0.00
4	785	0.00
4	784	0.00
4	783	0.00
4	782	0.00
4	781	0.00
4	780	0.00
4	779	0.00
4	778	0.00
4	777	0.00
4	776	0.00
4	775	0.00
4	774	0.00
4	773	0.00
4	772	0.00
4	771	0.00
4	770	0.00
4	769	0.00
4	768	0.00
4	767	0.00
4	766	0.00
4	765	0.00
4	764	0.00
4	763	0.00
4	762	0.00
4	761	0.00
4	760	0.00
4	759	0.00
4	758	0.00
4	757	0.00
4	756	0.00
4	755	0.00
4	754	0.00
4	753	0.00
4	752	0.00
4	751	0.00
4	750	0.00
4	749	0.00
4	748	0.00
4	747	0.00
4	746	0.00
4	745	0.00
4	744	0.00
4	743	0.00
4	742	0.00
4	741	0.00
4	740	0.00
4	739	0.00
4	738	0.00
4	737	0.00
4	736	0.00
4	735	0.00
4	734	0.00
4	733	0.00
4	732	0.00
4	731	0.00
4	730	0.00
4	729	0.00
4	728	0.00
4	727	0.00
4	726	0.00
4	725	0.00
4	724	0.00
4	723	0.00
4	722	0.00
4	721	0.00
4	720	0.00
4	719	0.00
4	718	0.00
4	717	0.00
4	716	0.00
4	715	0.00
4	714	0.00
4	713	0.00
4	712	0.00
4	711	0.00
4	710	0.00
4	709	0.00
4	708	0.00
4	707	0.00
4	706	0.00
4	705	0.00
4	704	0.00
4	703	0.00
4	702	0.00
4	701	0.00
4	700	0.00
4	699	0.00
4	698	0.00
4	697	0.00
4	696	0.00
4	695	0.00
4	694	0.00
4	693	0.00
4	692	0.00
4	691	0.00
4	690	0.00
4	689	0.00
4	688	0.00
4	687	0.00
4	686	0.00
4	685	0.00
4	684	0.00
4	683	0.00
4	682	0.00
4	681	0.00
4	680	0.00
4	679	0.00
4	678	0.00
4	677	0.00
4	676	0.00
4	675	0.00
4	674	0.00
4	673	0.00
4	672	0.00
4	671	0.00
4	670	0.00
4	669	0.00
4	668	0.00
4	667	0.00
4	666	0.00
4	665	0.00
4	664	0.00
4	663	0.00
4	662	0.00
4	661	0.00
4	660	0.00
4	659	0.00
4	658	0.00
4	657	0.00
4	656	0.00
4	655	0.00
4	654	0.00
4	653	0.00
4	652	0.00
4	651	0.00
4	650	0.00
4	649	0.00
4	648	0.00
4	647	0.00
4	646	0.00
4	645	0.00
4	644	0.00
4	643	0.00
4	642	0.00
4	641	0.00
4	640	0.00
4	639	0.00
4	638	0.00
4	637	0.00
4	636	0.00
4	635	0.00
4	634	0.00
4	633	0.00
4	632	0.00
4	631	0.00
4	630	0.00
4	629	0.00
4	628	0.00
4	627	0.00
4	626	0.00
4	625	0.00
4	624	0.00
4	623	0.00
4	622	0.00
4	621	0.00
4	620	0.00
4	619	0.00
4	618	0.00
4	617	0.00
4	616	0.00
4	615	0.00
4	614	0.00
4	613	0.00
4	612	0.00
4	611	0.00
4	610	0.00
4	609	0.00
4	608	0.00
4	607	0.00
4	606	0.00
4	605	0.00
4	604	0.00
4	603	0.00
4	602	0.00
4	601	0.00
4	600	0.00
4	599	0.00
4	598	0.00
4	597	0.00
4	596	0.00
4	595	0.00
4	594	0.00
4	593	0.00
4	592	0.00
4	591	0.00
4	590	0.00
4	589	0.00
4	588	0.00
4	587	0.00
4	586	0.00
4	585	0.00
4	584	0.00
4	583	0.00
4	582	0.00
4	581	0.00
4	580	0.00
4	579	0.00
4	578	0.00
4	577	0.00
4	576	0.00
4	575	0.00
4	574	0.00
4	573	0.00
4	572	0.00
4	571	0.00
4	570	0.00
4	569	0.00
4	568	0.00
4	567	0.00
4	566	0.00
4	565	0.00
4	564	0.00
4	563	0.00
4	562	0.00
4	561	0.00
4	560	0.00
4	559	0.00
4	558	0.00
4	557	0.00
4	556	0.00
4	555	0.00
4	554	0.00
4	553	0.00
4	552	0.00
4	551	0.00
4	550	0.00
4	549	0.00
4	548	0.00
4	547	0.00
4	546	0.00
4	545	0.00
4	544	0.00
4	543	0.00
4	542	0.00
4	541	0.00
4	540	0.00
4	539	0.00
4	538	0.00
4	537	0.00
4	536	0.00
4	535	0.00
4	534	0.00
4	533	0.00
4	532	0.00
4	531	0.00
4	530	0.00
4	529	0.00
4	528	0.00
4	527	0.00
4	526	0.00
4	525	0.00
4	524	0.00
4	523	0.00
4	522	0.00
4	521	0.00
4	520	0.00
4	519	0.00
4	518	0.00
4	517	0.00
4	516	0.00
4	515	0.00
4	514	0.00
4	513	0.00
4	512	0.00
4	511	0.00
4	510	0.00
4	509	0.00
4	508	0.00
4	507	0.00
4	506	0.00
4	505	0.00
4	504	0.00
4	503	0.00
4	502	0.00
4	501	0.00
4	500	0.00
4	499	0.00
4	498	0.00
4	497	0.00
4	496	0.00
4	495	0.00
4	494	0.00
4	493	0.00
4	492	0.00
4	491	0.00
4	490	0.00
4	489	0.00
4	488	0.00
4	487	0.00
4	486	0.00
4	485	0.00
4	484	0.00
4	483	0.00
4	482	0.00
4	481	0.00
4	480	0.00
4	479	0.00
4	478	0.00
4	477	0.00
4	476	0.00
4	475	0.00
4	474	0.00
4	473	0.00
4	472	0.00
4	471	0.00
4	470	0.00
4	469	0.00
4	468	0.00
4	467	0.00
4	466	0.00
4	465	0.00
4	464	0.00
4	463	0.00
4	462	0.00
4	461	0.00
4	460	0.00
4	459	0.00
4	458	0.00
4	457	0.00
4	456	0.00
4	455	0.00
4	454	0.00
4	453	0.00
4	452	0.00
4	451	0.00
4	450	0.00
4	449	0.00
4	448	0.00
4	447	0.00
4	446	0.00
4	445	0.00
4	444	0.00
4	443	0.00
4	442	0.00
4	441	0.00
4	440	0.00
4	439	0.00
4	438	0.00
4	437	0.00
4	436	0.00
4	435	0.00
4	434	0.00
4	433	0.00
4	432	0.00
4	431	0.00
4	430	0.00
4	429	0.00
4	428	0.00
4	427	0.00
4	426	0.00
4	425	0.00
4	424	0.00
4	423	0.00
4	422	0.00
4	421	0.00
4	420	0.00
4	419	0.00
4	418	0.00
4	417	0.00
4	416	0.00
4	415	0.00
4	414	0.00
4	413	0.00
4	412	0.00
4	411	0.00
4	410	0.00
4	409	0.00
4	408	0.00
4	407	0.00
4	406	0.00
4	405	0.00
4	404	0.00
4	403	0.00
4	402	0.00
4	401	0.00
4	400	0.00
4	399	0.00
4	398	0.01
4	397	0.01
4	396	0.01
4	395	0.01
4	394	0.01
4	393	0.01
4	392	0.01
4	391	0.01
4	390	0.01
4	389	0.01
4	388	0.01
4	387	0.01
4	386	0.01
4	385	0.01
4	384	0.01
4	383	0.01
4	382	0.01
4	381	0.01
4	380	0.01
4	379	0.01
4	378	0.01
4	377	0.01
4	376	0.01
4	375	0.01
4	374	0.01
4	373	0.01
4	372	0.01
4	371	0.01
4	370	0.01
4	369	0.01
4	368	0.01
4	367	0.01
4	366	0.01
4	365	0.01
4	364	0.01
4	363	0.01
4	362	0.01
4	361	0.01
4	360	0.01
4	359	0.01
4	358	0.01
4	357	0.01
4	356	0.01
4	355	0.01
4	354	0.01
4	353	0.01
4	352	0.01
4	351	0.01
4	350	0.01
4	349	0.01
4	348	0.01
4	347	0.01
4	346	0.01
4	345	0.01
4	344	0.01
4	343	0.01
4	342	0.01
4	341	0.01
4	340	0.01
4	339	0.01
4	338	0.01
4	337	0.01
4	336	0.01
4	335	0.01
4	334	0.01
4	333	0.01
4	332	0.01
4	331	0.01
4	330	0.01
4	329	0.01
4	328	0.01
4	327	0.01
4	326	0.01
4	325	0.01
4	324	0.01
4	323	0.01
4	322	0.01
4	321	0.01
4	320	0.01
4	319	0.01
4	318	0.01
4	317	0.01
4	316	0.01
4	315	0.01
4	314	0.01
4	313	0.01
4	312	0.01
4	311	0.01
4	310	0.01
4	309	0.01
4	308	0.01
4	307	0.01
4	306	0.01
4	305	0.01
4	304	0.01
4	303	0.01
4	302	0.01
4	301	0.01
4	300	0.01
4	299	0.01
4	298	0.01
4	297	0.01
4	296	0.01
4	295	0.01
4	294	0.01
4	293	0.01
4	292	0.01
4	291	0.01
4	290	0.01
4	289	0.01
4	288	0.01
4	287	0.01
4	286	0.01
4	285	0.01
4	284	0.01
4	283	0.01
4	282	0.01
4	281	0.01
4	280	0.01
4	279	0.01
4	278	0.01
4	277	0.01
4	276	0.01
4	275	0.01
4	274	0.01
4	273	0.01
4	272	0.01
4	271	0.01
4	270	0.01
4	269	0.01
4	268	0.01
4	267	0.01
4	266	0.01
4	265	0.01
4	264	0.01
4	263	0.01
4	262	0.01
4	261	0.01
4	260	0.01
4	259	0.01
4	258	0.01
4	257	0.01
4	256	0.01
4	255	0.01
4	254	0.01
4	253	0.01
4	252	0.01
4	251	0.01
4	250	0.01
4	249	0.01
4	248	0.01
4	247	0.01
4	246	0.01
4	245	0.01
4	244	0.01
4	243	0.01
4	242	0.01
4	241	0.01
4	240	0.01
4	239	0.01
4	238	0.01
4	237	0.01
4	236	0.01
4	235	0.01
4	234	0.01
4	233	0.01
4	232	0.01
4	231	0.01
4	230	0.01
4	229	0.01
4	228	0.01
4	227	0.01
4	226	0.01
4	225	0.01
4	224	0.01
4	223	0.01
4	222	0.01
4	221	0.01
4	220	0.01
4	219	0.01
4	218	0.01
4	217	0.01
4	216	0.01
4	215	0.01
4	214	0.01
4	213	0.01
4	212	0.01
4	211	0.01
4	210	0.01
4	209	0.01
4	208	0.01
4	207	0.01
4	206	0.01
4	205	0.01
4	204	0.01
4	203	0.01
4	202	0.01
4	201	0.01
4	200	0.01
4	199	0.01
4	198	0.01
4	197	0.01
4	196	0.01
4	195	0.01
4	194	0.01
4	193	0.01
4	192	0.01
4	191	0.01
4	190	0.01
4	189	0.01
4	188	0.01
4	187	0.01
4	186	0.01
4	185	0.01
4	184	0.01
4	183	0.01
4	182	0.01
4	181	0.01
4	180	0.01
4	179	0.01
4	178	0.01
4	177	0.01
4	176	0.01
4	175	0.01
4	174	0.01
4	173	0.01
4	172	0.01
4	171	0.01
4	170	0.01
4	169	0.01
4	168	0.01
4	167	0.01
4	166	0.01
4	165	0.01
4	164	0.01
4	163	0.01
4	162	0.01
4	161	0.01
4	160	0.01
4	159	0.01
4	158	0.01
4	157	0.01
4	156	0.01
4	155	0.01
4	154	0.01
4	153	0.01
4	152	0.01
4	151	0.01
4	150	0.01
4	149	0.01
4	148	0.01
4	147	0.01
4	146	0.01
4	145	0.01
4	144	0.01
4	143	0.01
4	142	0.01
4	141	0.01
4	140	0.01
4	139	0.01
4	138	0.01
4	137	0.01
4	136	0.01
4	135	0.01
4	134	0.01
4	133	0.01
4	132	0.01
4	131	0.02
4	130	0.02
4	129	0.02
4	128	0.02
4	127	0.02
4	126	0.02
4	125	0.02
4	124	0.02
4	123	0.02
4	122	0.02
4	121	0.02
4	120	0.02
4	119	0.02
4	118	0.02
4	117	0.02
4	116	0.02
4	115	0.02
4	114	0.02
4	113	0.02
4	112	0.02
4	111	0.02
4	110	0.02
4	109	0.03
4	108	0.03
4	107	0.03
4	106	0.03
4	105	0.03
4	104	0.03
4	103	0.03
4	102	0.03
4	101	0.03
4	100	0.03
4	99	0.04
4	98	0.04
4	97	0.04
4	96	0.04
4	95	0.04
4	94	0.04
4	93	0.04
4	92	0.05
4	91	0.05
4	90	0.05
4	89	0.05
4	88	0.05
4	87	0.05
4	86	0.06
4	85	0.06
4	84	0.06
4	83	0.06
4	82	0.07
4	81	0.07
4	80	0.07
4	79	0.07
4	78	0.08
4	77	0.08
4	76	0.08
4	75	0.09
4	74	0.09
4	73	0.09
4	72	0.10
4	71	0.10
4	70	0.11
4	69	0.11
4	68	0.11
4	67	0.12
4	66	0.12
4	65	0.13
4	64	0.13
4	63	0.14
4	62	0.15
4	61	0.15
4	60	0.16
4	59	0.16
4	58	0.17
4	57	0.18
4	56	0.18
4	55	0.19
4	54	0.20
4	53	0.21
4	52	0.21
4	51	0.22
4	50	0.23
4	49	0.24
4	48	0.25
4	47	0.26
4	46	0.27
4	45	0.28
4	44	0.29
4	43	0.30
4	42	0.31
4	41	0.33
4	40	0.34
4	39	0.35
4	38	0.37
4	37	0.38
4	36	0.39
4	35	0.41
4	34	0.43
4	33	0.44
4	32	0.46
4	31	0.47
4	30	0.49
4	29	0.51
4	28	0.52
4	27	0.54
4	26	0.56
4	25	0.58
4	24	0.60
4	23	0.62
4	22	0.64
4	21	0.66
4	20	0.68
4	19	0.70
4	18	0.72
4	17	0.74
4	16	0.76
4	15	0.78
4	14	0.80
4	13	0.82
4	12	0.84
4	11	0.85
4	10	0.87
4	9	0.89
4	8	0.91
4	7	0.92
4	6	0.94
4	5	0.95
4	4	0.96
4	3	0.97
4	2	0.98
4	1	0.99
4	0	1.00
5	213	0.00
5	212	0.00
5	211	0.00
5	210	0.00
5	209	0.00
5	208	0.00
5	207	0.00
5	206	0.00
5	205	0.00
5	204	0.00
5	203	0.00
5	202	0.00
5	201	0.00
5	200	0.00
5	199	0.00
5	198	0.00
5	197	0.00
5	196	0.00
5	195	0.00
5	194	0.00
5	193	0.00
5	192	0.00
5	191	0.00
5	190	0.00
5	189	0.00
5	188	0.00
5	187	0.00
5	186	0.00
5	185	0.00
5	184	0.00
5	183	0.00
5	182	0.00
5	181	0.00
5	180	0.00
5	179	0.00
5	178	0.00
5	177	0.00
5	176	0.00
5	175	0.00
5	174	0.00
5	173	0.00
5	172	0.00
5	171	0.00
5	170	0.00
5	169	0.00
5	168	0.00
5	167	0.00
5	166	0.00
5	165	0.00
5	164	0.00
5	163	0.00
5	162	0.00
5	161	0.00
5	160	0.00
5	159	0.00
5	158	0.00
5	157	0.00
5	156	0.00
5	155	0.00
5	154	0.00
5	153	0.00
5	152	0.00
5	151	0.00
5	150	0.00
5	149	0.00
5	148	0.00
5	147	0.00
5	146	0.00
5	145	0.00
5	144	0.00
5	143	0.00
5	142	0.00
5	141	0.01
5	140	0.01
5	139	0.01
5	138	0.01
5	137	0.01
5	136	0.01
5	135	0.01
5	134	0.01
5	133	0.01
5	132	0.01
5	131	0.01
5	130	0.01
5	129	0.01
5	128	0.01
5	127	0.01
5	126	0.01
5	125	0.01
5	124	0.01
5	123	0.01
5	122	0.01
5	121	0.01
5	120	0.01
5	119	0.01
5	118	0.02
5	117	0.02
5	116	0.02
5	115	0.02
5	114	0.02
5	113	0.02
5	112	0.02
5	111	0.02
5	110	0.02
5	109	0.02
5	108	0.02
5	107	0.03
5	106	0.03
5	105	0.03
5	104	0.03
5	103	0.03
5	102	0.03
5	101	0.03
5	100	0.03
5	99	0.04
5	98	0.04
5	97	0.04
5	96	0.04
5	95	0.04
5	94	0.04
5	93	0.05
5	92	0.05
5	91	0.05
5	90	0.05
5	89	0.05
5	88	0.06
5	87	0.06
5	86	0.06
5	85	0.06
5	84	0.07
5	83	0.07
5	82	0.07
5	81	0.08
5	80	0.08
5	79	0.08
5	78	0.08
5	77	0.09
5	76	0.09
5	75	0.09
5	74	0.10
5	73	0.10
5	72	0.11
5	71	0.11
5	70	0.11
5	69	0.12
5	68	0.12
5	67	0.13
5	66	0.13
5	65	0.14
5	64	0.14
5	63	0.15
5	62	0.15
5	61	0.16
5	60	0.17
5	59	0.17
5	58	0.18
5	57	0.18
5	56	0.19
5	55	0.20
5	54	0.21
5	53	0.21
5	52	0.22
5	51	0.23
5	50	0.24
5	49	0.25
5	48	0.26
5	47	0.26
5	46	0.27
5	45	0.28
5	44	0.29
5	43	0.30
5	42	0.32
5	41	0.33
5	40	0.34
5	39	0.35
5	38	0.36
5	37	0.38
5	36	0.39
5	35	0.40
5	34	0.42
5	33	0.43
5	32	0.45
5	31	0.46
5	30	0.48
5	29	0.50
5	28	0.51
5	27	0.53
5	26	0.55
5	25	0.57
5	24	0.58
5	23	0.60
5	22	0.62
5	21	0.64
5	20	0.66
5	19	0.68
5	18	0.70
5	17	0.72
5	16	0.74
5	15	0.76
5	14	0.78
5	13	0.80
5	12	0.82
5	11	0.83
5	10	0.85
5	9	0.87
5	8	0.89
5	7	0.91
5	6	0.92
5	5	0.94
5	4	0.95
5	3	0.97
5	2	0.98
5	1	0.99
5	0	1.00
6	307	0.00
6	306	0.00
6	305	0.00
6	304	0.00
6	303	0.00
6	302	0.00
6	301	0.00
6	300	0.00
6	299	0.00
6	298	0.00
6	297	0.00
6	296	0.00
6	295	0.00
6	294	0.00
6	293	0.00
6	292	0.00
6	291	0.00
6	290	0.00
6	289	0.00
6	288	0.00
6	287	0.00
6	286	0.00
6	285	0.00
6	284	0.00
6	283	0.00
6	282	0.00
6	281	0.00
6	280	0.00
6	279	0.00
6	278	0.00
6	277	0.00
6	276	0.00
6	275	0.00
6	274	0.00
6	273	0.00
6	272	0.00
6	271	0.00
6	270	0.00
6	269	0.00
6	268	0.00
6	267	0.00
6	266	0.00
6	265	0.00
6	264	0.00
6	263	0.00
6	262	0.00
6	261	0.00
6	260	0.00
6	259	0.00
6	258	0.00
6	257	0.00
6	256	0.00
6	255	0.00
6	254	0.00
6	253	0.00
6	252	0.00
6	251	0.00
6	250	0.00
6	249	0.00
6	248	0.00
6	247	0.00
6	246	0.00
6	245	0.00
6	244	0.00
6	243	0.00
6	242	0.00
6	241	0.00
6	240	0.00
6	239	0.00
6	238	0.00
6	237	0.00
6	236	0.00
6	235	0.00
6	234	0.00
6	233	0.00
6	232	0.00
6	231	0.00
6	230	0.00
6	229	0.00
6	228	0.00
6	227	0.00
6	226	0.00
6	225	0.00
6	224	0.00
6	223	0.00
6	222	0.00
6	221	0.00
6	220	0.00
6	219	0.00
6	218	0.00
6	217	0.00
6	216	0.00
6	215	0.00
6	214	0.00
6	213	0.00
6	212	0.00
6	211	0.00
6	210	0.00
6	209	0.00
6	208	0.00
6	207	0.00
6	206	0.00
6	205	0.00
6	204	0.00
6	203	0.00
6	202	0.00
6	201	0.00
6	200	0.00
6	199	0.00
6	198	0.00
6	197	0.00
6	196	0.00
6	195	0.00
6	194	0.00
6	193	0.00
6	192	0.00
6	191	0.00
6	190	0.00
6	189	0.00
6	188	0.00
6	187	0.00
6	186	0.00
6	185	0.00
6	184	0.00
6	183	0.00
6	182	0.00
6	181	0.00
6	180	0.00
6	179	0.00
6	178	0.00
6	177	0.00
6	176	0.00
6	175	0.00
6	174	0.00
6	173	0.00
6	172	0.01
6	171	0.01
6	170	0.01
6	169	0.01
6	168	0.01
6	167	0.01
6	166	0.01
6	165	0.01
6	164	0.01
6	163	0.01
6	162	0.01
6	161	0.01
6	160	0.01
6	159	0.01
6	158	0.01
6	157	0.01
6	156	0.01
6	155	0.01
6	154	0.01
6	153	0.01
6	152	0.01
6	151	0.01
6	150	0.01
6	149	0.01
6	148	0.01
6	147	0.01
6	146	0.01
6	145	0.01
6	144	0.01
6	143	0.01
6	142	0.01
6	141	0.01
6	140	0.01
6	139	0.01
6	138	0.01
6	137	0.01
6	136	0.01
6	135	0.01
6	134	0.01
6	133	0.01
6	132	0.01
6	131	0.01
6	130	0.01
6	129	0.02
6	128	0.02
6	127	0.02
6	126	0.02
6	125	0.02
6	124	0.02
6	123	0.02
6	122	0.02
6	121	0.02
6	120	0.02
6	119	0.02
6	118	0.02
6	117	0.02
6	116	0.02
6	115	0.02
6	114	0.02
6	113	0.02
6	112	0.02
6	111	0.02
6	110	0.03
6	109	0.03
6	108	0.03
6	107	0.03
6	106	0.03
6	105	0.03
6	104	0.03
6	103	0.03
6	102	0.03
6	101	0.03
6	100	0.03
6	99	0.04
6	98	0.04
6	97	0.04
6	96	0.04
6	95	0.04
6	94	0.04
6	93	0.04
6	92	0.04
6	91	0.04
6	90	0.05
6	89	0.05
6	88	0.05
6	87	0.05
6	86	0.05
6	85	0.05
6	84	0.05
6	83	0.06
6	82	0.06
6	81	0.06
6	80	0.06
6	79	0.06
6	78	0.07
6	77	0.07
6	76	0.07
6	75	0.07
6	74	0.07
6	73	0.08
6	72	0.08
6	71	0.08
6	70	0.08
6	69	0.09
6	68	0.09
6	67	0.09
6	66	0.10
6	65	0.10
6	64	0.10
6	63	0.11
6	62	0.11
6	61	0.11
6	60	0.12
6	59	0.12
6	58	0.13
6	57	0.13
6	56	0.13
6	55	0.14
6	54	0.14
6	53	0.15
6	52	0.16
6	51	0.16
6	50	0.17
6	49	0.17
6	48	0.18
6	47	0.19
6	46	0.19
6	45	0.20
6	44	0.21
6	43	0.22
6	42	0.22
6	41	0.23
6	40	0.24
6	39	0.25
6	38	0.26
6	37	0.27
6	36	0.28
6	35	0.29
6	34	0.30
6	33	0.31
6	32	0.33
6	31	0.34
6	30	0.35
6	29	0.37
6	28	0.38
6	27	0.40
6	26	0.41
6	25	0.43
6	24	0.45
6	23	0.47
6	22	0.49
6	21	0.51
6	20	0.53
6	19	0.55
6	18	0.57
6	17	0.59
6	16	0.62
6	15	0.64
6	14	0.67
6	13	0.69
6	12	0.72
6	11	0.75
6	10	0.77
6	9	0.80
6	8	0.82
6	7	0.85
6	6	0.88
6	5	0.90
6	4	0.92
6	3	0.95
6	2	0.96
6	1	0.98
6	0	1.00
7	466	0.00
7	465	0.00
7	464	0.00
7	463	0.00
7	461	0.00
7	460	0.00
7	459	0.00
7	458	0.00
7	457	0.00
7	456	0.00
7	455	0.00
7	454	0.00
7	453	0.00
7	452	0.00
7	451	0.00
7	450	0.00
7	449	0.00
7	448	0.00
7	447	0.00
7	446	0.00
7	445	0.00
7	444	0.00
7	443	0.00
7	442	0.00
7	441	0.00
7	440	0.00
7	439	0.00
7	438	0.00
7	437	0.00
7	436	0.00
7	435	0.00
7	434	0.00
7	433	0.00
7	431	0.00
7	430	0.00
7	429	0.00
7	428	0.00
7	425	0.00
7	424	0.00
7	423	0.00
7	422	0.00
7	421	0.00
7	420	0.00
7	419	0.00
7	418	0.00
7	417	0.00
7	416	0.00
7	415	0.00
7	414	0.00
7	413	0.00
7	412	0.00
7	411	0.00
7	410	0.00
7	409	0.00
7	408	0.00
7	407	0.00
7	406	0.00
7	405	0.00
7	404	0.00
7	403	0.00
7	402	0.00
7	401	0.00
7	400	0.00
7	399	0.00
7	398	0.00
7	397	0.00
7	396	0.00
7	395	0.00
7	394	0.00
7	393	0.00
7	392	0.00
7	391	0.00
7	390	0.00
7	389	0.00
7	388	0.00
7	387	0.00
7	386	0.00
7	385	0.00
7	384	0.00
7	383	0.00
7	382	0.00
7	381	0.00
7	380	0.00
7	379	0.00
7	378	0.00
7	377	0.00
7	376	0.00
7	375	0.00
7	374	0.00
7	373	0.00
7	372	0.00
7	371	0.00
7	370	0.00
7	369	0.00
7	368	0.00
7	367	0.00
7	366	0.00
7	365	0.00
7	364	0.00
7	363	0.00
7	362	0.00
7	361	0.00
7	360	0.00
7	359	0.00
7	358	0.00
7	357	0.00
7	356	0.00
7	355	0.00
7	354	0.00
7	353	0.00
7	352	0.00
7	351	0.00
7	350	0.00
7	349	0.00
7	348	0.00
7	347	0.00
7	346	0.00
7	345	0.00
7	344	0.00
7	343	0.00
7	342	0.00
7	341	0.00
7	340	0.00
7	339	0.00
7	338	0.00
7	337	0.00
7	336	0.00
7	335	0.00
7	334	0.00
7	333	0.00
7	332	0.00
7	331	0.00
7	330	0.00
7	329	0.00
7	328	0.00
7	327	0.00
7	326	0.00
7	325	0.00
7	324	0.00
7	323	0.00
7	322	0.00
7	321	0.00
7	320	0.00
7	319	0.00
7	318	0.00
7	317	0.00
7	316	0.00
7	315	0.00
7	314	0.00
7	313	0.00
7	312	0.00
7	311	0.00
7	310	0.00
7	309	0.00
7	308	0.00
7	307	0.00
7	306	0.00
7	305	0.00
7	304	0.00
7	303	0.00
7	302	0.00
7	301	0.00
7	300	0.00
7	299	0.00
7	298	0.00
7	297	0.00
7	296	0.00
7	295	0.00
7	294	0.00
7	293	0.00
7	292	0.00
7	291	0.00
7	290	0.00
7	289	0.00
7	288	0.00
7	287	0.00
7	286	0.00
7	285	0.00
7	284	0.00
7	283	0.00
7	282	0.00
7	281	0.00
7	280	0.00
7	279	0.00
7	278	0.00
7	277	0.00
7	276	0.00
7	275	0.00
7	274	0.00
7	273	0.00
7	272	0.00
7	271	0.00
7	270	0.00
7	269	0.00
7	268	0.00
7	267	0.00
7	266	0.00
7	265	0.00
7	264	0.00
7	263	0.00
7	262	0.00
7	261	0.00
7	260	0.00
7	259	0.00
7	258	0.00
7	257	0.00
7	256	0.00
7	255	0.00
7	254	0.00
7	253	0.00
7	252	0.00
7	251	0.00
7	250	0.00
7	249	0.00
7	248	0.00
7	247	0.00
7	246	0.00
7	245	0.00
7	244	0.00
7	243	0.00
7	242	0.00
7	241	0.00
7	240	0.00
7	239	0.00
7	238	0.00
7	237	0.00
7	236	0.00
7	235	0.00
7	234	0.00
7	233	0.00
7	232	0.00
7	231	0.00
7	230	0.00
7	229	0.00
7	228	0.00
7	227	0.00
7	226	0.00
7	225	0.00
7	224	0.00
7	223	0.00
7	222	0.00
7	221	0.00
7	220	0.00
7	219	0.00
7	218	0.00
7	217	0.00
7	216	0.00
7	215	0.00
7	214	0.00
7	213	0.00
7	212	0.00
7	211	0.00
7	210	0.00
7	209	0.00
7	208	0.00
7	207	0.00
7	206	0.00
7	205	0.00
7	204	0.00
7	203	0.00
7	202	0.00
7	201	0.00
7	200	0.00
7	199	0.00
7	198	0.00
7	197	0.00
7	196	0.00
7	195	0.00
7	194	0.00
7	193	0.00
7	192	0.00
7	191	0.00
7	190	0.00
7	189	0.00
7	188	0.00
7	187	0.00
7	186	0.00
7	185	0.00
7	184	0.00
7	183	0.00
7	182	0.00
7	181	0.00
7	180	0.00
7	179	0.00
7	178	0.00
7	177	0.00
7	176	0.00
7	175	0.00
7	174	0.00
7	173	0.00
7	172	0.00
7	171	0.00
7	170	0.00
7	169	0.01
7	168	0.01
7	167	0.01
7	166	0.01
7	165	0.01
7	164	0.01
7	163	0.01
7	162	0.01
7	161	0.01
7	160	0.01
7	159	0.01
7	158	0.01
7	157	0.01
7	156	0.01
7	155	0.01
7	154	0.01
7	153	0.01
7	152	0.01
7	151	0.01
7	150	0.01
7	149	0.01
7	148	0.01
7	147	0.01
7	146	0.01
7	145	0.01
7	144	0.01
7	143	0.01
7	142	0.01
7	141	0.01
7	140	0.01
7	139	0.01
7	138	0.01
7	137	0.01
7	136	0.01
7	135	0.01
7	134	0.01
7	133	0.01
7	132	0.01
7	131	0.01
7	130	0.01
7	129	0.01
7	128	0.01
7	127	0.01
7	126	0.01
7	125	0.01
7	124	0.02
7	123	0.02
7	122	0.02
7	121	0.02
7	120	0.02
7	119	0.02
7	118	0.02
7	117	0.02
7	116	0.02
7	115	0.02
7	114	0.02
7	113	0.02
7	112	0.02
7	111	0.03
7	110	0.03
7	109	0.03
7	108	0.03
7	107	0.03
7	106	0.03
7	105	0.03
7	104	0.03
7	103	0.03
7	102	0.04
7	101	0.04
7	100	0.04
7	99	0.04
7	98	0.04
7	97	0.04
7	96	0.04
7	95	0.04
7	94	0.05
7	93	0.05
7	92	0.05
7	91	0.05
7	90	0.05
7	89	0.06
7	88	0.06
7	87	0.06
7	86	0.06
7	85	0.06
7	84	0.07
7	83	0.07
7	82	0.07
7	81	0.07
7	80	0.08
7	79	0.08
7	78	0.08
7	77	0.09
7	76	0.09
7	75	0.09
7	74	0.10
7	73	0.10
7	72	0.10
7	71	0.11
7	70	0.11
7	69	0.11
7	68	0.12
7	67	0.12
7	66	0.13
7	65	0.13
7	64	0.14
7	63	0.14
7	62	0.15
7	61	0.15
7	60	0.16
7	59	0.16
7	58	0.17
7	57	0.17
7	56	0.18
7	55	0.19
7	54	0.19
7	53	0.20
7	52	0.21
7	51	0.21
7	50	0.22
7	49	0.23
7	48	0.24
7	47	0.24
7	46	0.25
7	45	0.26
7	44	0.27
7	43	0.28
7	42	0.29
7	41	0.30
7	40	0.31
7	39	0.32
7	38	0.33
7	37	0.35
7	36	0.36
7	35	0.37
7	34	0.38
7	33	0.40
7	32	0.41
7	31	0.42
7	30	0.44
7	29	0.45
7	28	0.47
7	27	0.49
7	26	0.50
7	25	0.52
7	24	0.54
7	23	0.56
7	22	0.58
7	21	0.59
7	20	0.61
7	19	0.63
7	18	0.65
7	17	0.67
7	16	0.69
7	15	0.71
7	14	0.73
7	13	0.75
7	12	0.78
7	11	0.80
7	10	0.82
7	9	0.84
7	8	0.86
7	7	0.88
7	6	0.90
7	5	0.92
7	4	0.93
7	3	0.95
7	2	0.97
7	1	0.98
7	0	1.00
8	633	0.00
8	632	0.00
8	631	0.00
8	630	0.00
8	629	0.00
8	628	0.00
8	627	0.00
8	626	0.00
8	625	0.00
8	624	0.00
8	623	0.00
8	622	0.00
8	621	0.00
8	620	0.00
8	619	0.00
8	618	0.00
8	617	0.00
8	616	0.00
8	615	0.00
8	614	0.00
8	613	0.00
8	612	0.00
8	611	0.00
8	610	0.00
8	609	0.00
8	608	0.00
8	607	0.00
8	606	0.00
8	605	0.00
8	604	0.00
8	603	0.00
8	602	0.00
8	601	0.00
8	600	0.00
8	599	0.00
8	598	0.00
8	597	0.00
8	596	0.00
8	595	0.00
8	594	0.00
8	593	0.00
8	592	0.00
8	591	0.00
8	590	0.00
8	589	0.00
8	588	0.00
8	587	0.00
8	586	0.00
8	585	0.00
8	584	0.00
8	583	0.00
8	582	0.00
8	581	0.00
8	580	0.00
8	579	0.00
8	578	0.00
8	577	0.00
8	576	0.00
8	575	0.00
8	574	0.00
8	573	0.00
8	572	0.00
8	571	0.00
8	570	0.00
8	569	0.00
8	568	0.00
8	567	0.00
8	566	0.00
8	565	0.00
8	564	0.00
8	563	0.00
8	562	0.00
8	561	0.00
8	560	0.00
8	559	0.00
8	558	0.00
8	557	0.00
8	556	0.00
8	555	0.00
8	554	0.00
8	553	0.00
8	552	0.00
8	551	0.00
8	550	0.00
8	549	0.00
8	548	0.00
8	547	0.00
8	546	0.00
8	545	0.00
8	544	0.00
8	543	0.00
8	542	0.00
8	541	0.00
8	540	0.00
8	539	0.00
8	538	0.00
8	537	0.00
8	536	0.00
8	535	0.00
8	534	0.00
8	533	0.00
8	532	0.00
8	531	0.00
8	530	0.00
8	529	0.00
8	528	0.00
8	527	0.00
8	526	0.00
8	525	0.00
8	524	0.00
8	523	0.00
8	522	0.00
8	521	0.00
8	520	0.00
8	519	0.00
8	518	0.00
8	517	0.00
8	516	0.00
8	515	0.00
8	514	0.00
8	513	0.00
8	512	0.00
8	511	0.00
8	510	0.00
8	509	0.00
8	508	0.00
8	507	0.00
8	506	0.00
8	505	0.00
8	504	0.00
8	503	0.00
8	502	0.00
8	501	0.00
8	500	0.00
8	499	0.00
8	498	0.00
8	497	0.00
8	496	0.00
8	495	0.00
8	494	0.00
8	493	0.00
8	492	0.00
8	491	0.00
8	490	0.00
8	489	0.00
8	488	0.00
8	487	0.00
8	486	0.00
8	485	0.00
8	484	0.00
8	483	0.00
8	482	0.00
8	481	0.00
8	480	0.00
8	479	0.00
8	478	0.00
8	477	0.00
8	476	0.00
8	475	0.00
8	474	0.00
8	473	0.00
8	472	0.00
8	471	0.00
8	470	0.00
8	469	0.00
8	468	0.00
8	467	0.00
8	466	0.00
8	465	0.00
8	464	0.00
8	463	0.00
8	462	0.00
8	461	0.00
8	460	0.00
8	459	0.00
8	458	0.00
8	457	0.00
8	456	0.00
8	455	0.00
8	454	0.00
8	453	0.00
8	452	0.00
8	451	0.00
8	450	0.00
8	449	0.00
8	448	0.00
8	447	0.00
8	446	0.00
8	445	0.00
8	444	0.00
8	443	0.00
8	442	0.00
8	441	0.00
8	440	0.00
8	439	0.00
8	438	0.00
8	437	0.00
8	436	0.00
8	435	0.00
8	434	0.00
8	433	0.00
8	432	0.00
8	431	0.00
8	430	0.00
8	429	0.00
8	428	0.00
8	427	0.00
8	426	0.00
8	425	0.00
8	424	0.00
8	423	0.00
8	422	0.00
8	421	0.00
8	420	0.00
8	419	0.00
8	418	0.00
8	417	0.00
8	416	0.00
8	415	0.00
8	414	0.00
8	413	0.00
8	412	0.00
8	411	0.00
8	410	0.00
8	409	0.00
8	408	0.00
8	407	0.00
8	406	0.00
8	405	0.00
8	404	0.00
8	403	0.00
8	402	0.00
8	401	0.00
8	400	0.00
8	399	0.00
8	398	0.00
8	397	0.00
8	396	0.00
8	395	0.00
8	394	0.00
8	393	0.00
8	392	0.00
8	391	0.00
8	390	0.00
8	389	0.00
8	388	0.00
8	387	0.00
8	386	0.00
8	385	0.00
8	384	0.00
8	383	0.00
8	382	0.00
8	381	0.00
8	380	0.00
8	379	0.00
8	378	0.00
8	377	0.00
8	376	0.00
8	375	0.00
8	374	0.00
8	373	0.00
8	372	0.00
8	371	0.00
8	370	0.00
8	369	0.00
8	368	0.00
8	367	0.00
8	366	0.00
8	365	0.00
8	364	0.00
8	363	0.00
8	362	0.00
8	361	0.00
8	360	0.00
8	359	0.00
8	358	0.00
8	357	0.00
8	356	0.00
8	355	0.00
8	354	0.00
8	353	0.00
8	352	0.00
8	351	0.00
8	350	0.00
8	349	0.00
8	348	0.00
8	347	0.00
8	346	0.00
8	345	0.00
8	344	0.00
8	343	0.00
8	342	0.00
8	341	0.00
8	340	0.00
8	339	0.00
8	338	0.00
8	337	0.00
8	336	0.00
8	335	0.00
8	334	0.00
8	333	0.00
8	332	0.00
8	331	0.00
8	330	0.00
8	329	0.00
8	328	0.00
8	327	0.00
8	326	0.00
8	325	0.00
8	324	0.00
8	323	0.00
8	322	0.00
8	321	0.00
8	320	0.00
8	319	0.00
8	318	0.00
8	317	0.00
8	316	0.00
8	315	0.00
8	314	0.00
8	313	0.00
8	312	0.00
8	311	0.00
8	310	0.00
8	309	0.00
8	308	0.00
8	307	0.00
8	306	0.00
8	305	0.00
8	304	0.00
8	303	0.00
8	302	0.00
8	301	0.00
8	300	0.00
8	299	0.00
8	298	0.00
8	297	0.00
8	296	0.00
8	295	0.00
8	294	0.00
8	293	0.00
8	292	0.00
8	291	0.00
8	290	0.00
8	289	0.00
8	288	0.00
8	287	0.00
8	286	0.00
8	285	0.00
8	284	0.00
8	283	0.00
8	282	0.00
8	281	0.00
8	280	0.00
8	279	0.00
8	278	0.00
8	277	0.00
8	276	0.00
8	275	0.00
8	274	0.00
8	273	0.00
8	272	0.00
8	271	0.00
8	270	0.00
8	269	0.00
8	268	0.00
8	267	0.00
8	266	0.00
8	265	0.00
8	264	0.00
8	263	0.00
8	262	0.00
8	261	0.00
8	260	0.00
8	259	0.00
8	258	0.00
8	257	0.00
8	256	0.00
8	255	0.00
8	254	0.00
8	253	0.00
8	252	0.00
8	251	0.00
8	250	0.00
8	249	0.00
8	248	0.00
8	247	0.00
8	246	0.00
8	245	0.00
8	244	0.00
8	243	0.00
8	242	0.00
8	241	0.00
8	240	0.00
8	239	0.00
8	238	0.00
8	237	0.00
8	236	0.00
8	235	0.00
8	234	0.00
8	233	0.00
8	232	0.00
8	231	0.00
8	230	0.00
8	229	0.00
8	228	0.00
8	227	0.00
8	226	0.00
8	225	0.00
8	224	0.00
8	223	0.00
8	222	0.00
8	221	0.00
8	220	0.00
8	219	0.00
8	218	0.00
8	217	0.00
8	216	0.00
8	215	0.00
8	214	0.00
8	213	0.00
8	212	0.00
8	211	0.00
8	210	0.00
8	209	0.00
8	208	0.00
8	207	0.00
8	206	0.00
8	205	0.00
8	204	0.00
8	203	0.00
8	202	0.00
8	201	0.00
8	200	0.00
8	199	0.00
8	198	0.00
8	197	0.00
8	196	0.00
8	195	0.00
8	194	0.00
8	193	0.00
8	192	0.00
8	191	0.00
8	190	0.00
8	189	0.00
8	188	0.00
8	187	0.00
8	186	0.00
8	185	0.00
8	184	0.00
8	183	0.00
8	182	0.00
8	181	0.00
8	180	0.00
8	179	0.00
8	178	0.00
8	177	0.00
8	176	0.00
8	175	0.00
8	174	0.00
8	173	0.00
8	172	0.00
8	171	0.00
8	170	0.00
8	169	0.00
8	168	0.00
8	167	0.00
8	166	0.00
8	165	0.00
8	164	0.00
8	163	0.00
8	162	0.00
8	161	0.00
8	160	0.00
8	159	0.00
8	158	0.00
8	157	0.00
8	156	0.00
8	155	0.00
8	154	0.00
8	153	0.00
8	152	0.00
8	151	0.01
8	150	0.01
8	149	0.01
8	148	0.01
8	147	0.01
8	146	0.01
8	145	0.01
8	144	0.01
8	143	0.01
8	142	0.01
8	141	0.01
8	140	0.01
8	139	0.01
8	138	0.01
8	137	0.01
8	136	0.01
8	135	0.01
8	134	0.01
8	133	0.01
8	132	0.01
8	131	0.01
8	130	0.01
8	129	0.01
8	128	0.01
8	127	0.01
8	126	0.01
8	125	0.01
8	124	0.01
8	123	0.01
8	122	0.01
8	121	0.01
8	120	0.01
8	119	0.02
8	118	0.02
8	117	0.02
8	116	0.02
8	115	0.02
8	114	0.02
8	113	0.02
8	112	0.02
8	111	0.02
8	110	0.02
8	109	0.02
8	108	0.02
8	107	0.02
8	106	0.03
8	105	0.03
8	104	0.03
8	103	0.03
8	102	0.03
8	101	0.03
8	100	0.03
8	99	0.03
8	98	0.03
8	97	0.04
8	96	0.04
8	95	0.04
8	94	0.04
8	93	0.04
8	92	0.04
8	91	0.04
8	90	0.05
8	89	0.05
8	88	0.05
8	87	0.05
8	86	0.05
8	85	0.06
8	84	0.06
8	83	0.06
8	82	0.06
8	81	0.07
8	80	0.07
8	79	0.07
8	78	0.07
8	77	0.08
8	76	0.08
8	75	0.08
8	74	0.09
8	73	0.09
8	72	0.09
8	71	0.10
8	70	0.10
8	69	0.10
8	68	0.11
8	67	0.11
8	66	0.12
8	65	0.12
8	64	0.12
8	63	0.13
8	62	0.13
8	61	0.14
8	60	0.14
8	59	0.15
8	58	0.15
8	57	0.16
8	56	0.16
8	55	0.17
8	54	0.17
8	53	0.18
8	52	0.19
8	51	0.19
8	50	0.20
8	49	0.21
8	48	0.21
8	47	0.22
8	46	0.23
8	45	0.24
8	44	0.25
8	43	0.26
8	42	0.26
8	41	0.27
8	40	0.28
8	39	0.29
8	38	0.30
8	37	0.32
8	36	0.33
8	35	0.34
8	34	0.35
8	33	0.36
8	32	0.38
8	31	0.39
8	30	0.41
8	29	0.42
8	28	0.44
8	27	0.45
8	26	0.47
8	25	0.49
8	24	0.50
8	23	0.52
8	22	0.54
8	21	0.56
8	20	0.58
8	19	0.60
8	18	0.62
8	17	0.64
8	16	0.66
8	15	0.68
8	14	0.70
8	13	0.73
8	12	0.75
8	11	0.77
8	10	0.79
8	9	0.81
8	8	0.84
8	7	0.86
8	6	0.89
8	5	0.91
8	4	0.93
8	3	0.95
8	2	0.97
8	1	0.99
8	0	1.00
9	286	0.00
9	285	0.00
9	284	0.00
9	283	0.00
9	282	0.00
9	281	0.00
9	280	0.00
9	279	0.00
9	278	0.00
9	277	0.00
9	276	0.00
9	275	0.00
9	274	0.00
9	273	0.00
9	272	0.00
9	271	0.00
9	270	0.00
9	269	0.00
9	268	0.00
9	267	0.00
9	266	0.00
9	265	0.00
9	264	0.00
9	263	0.00
9	262	0.00
9	261	0.00
9	260	0.00
9	259	0.00
9	258	0.00
9	257	0.00
9	256	0.00
9	255	0.00
9	254	0.00
9	253	0.00
9	252	0.00
9	251	0.00
9	250	0.00
9	249	0.00
9	248	0.00
9	247	0.00
9	246	0.00
9	245	0.00
9	244	0.00
9	243	0.00
9	242	0.00
9	241	0.00
9	240	0.00
9	239	0.00
9	238	0.00
9	237	0.00
9	236	0.00
9	235	0.00
9	234	0.00
9	233	0.00
9	232	0.00
9	231	0.00
9	230	0.00
9	229	0.00
9	228	0.00
9	227	0.00
9	226	0.00
9	225	0.00
9	224	0.00
9	223	0.00
9	222	0.00
9	221	0.00
9	220	0.00
9	219	0.00
9	218	0.00
9	217	0.00
9	216	0.00
9	215	0.00
9	214	0.00
9	213	0.00
9	212	0.00
9	211	0.00
9	210	0.00
9	209	0.00
9	208	0.00
9	207	0.00
9	206	0.00
9	205	0.00
9	204	0.00
9	203	0.00
9	202	0.00
9	201	0.00
9	200	0.00
9	199	0.00
9	198	0.00
9	197	0.00
9	196	0.00
9	195	0.00
9	194	0.00
9	193	0.00
9	192	0.00
9	191	0.00
9	190	0.00
9	189	0.00
9	188	0.00
9	187	0.00
9	186	0.00
9	185	0.00
9	184	0.00
9	183	0.00
9	182	0.00
9	181	0.00
9	180	0.00
9	179	0.00
9	178	0.00
9	177	0.00
9	176	0.00
9	175	0.00
9	174	0.00
9	173	0.00
9	172	0.00
9	171	0.00
9	170	0.00
9	169	0.00
9	168	0.00
9	167	0.00
9	166	0.00
9	165	0.00
9	164	0.00
9	163	0.00
9	162	0.00
9	161	0.00
9	160	0.00
9	159	0.00
9	158	0.00
9	157	0.01
9	156	0.01
9	155	0.01
9	154	0.01
9	153	0.01
9	152	0.01
9	151	0.01
9	150	0.01
9	149	0.01
9	148	0.01
9	147	0.01
9	146	0.01
9	145	0.01
9	144	0.01
9	143	0.01
9	142	0.01
9	141	0.01
9	140	0.01
9	139	0.01
9	138	0.01
9	137	0.01
9	136	0.01
9	135	0.01
9	134	0.01
9	133	0.01
9	132	0.01
9	131	0.01
9	130	0.01
9	129	0.01
9	128	0.01
9	127	0.01
9	126	0.02
9	125	0.02
9	124	0.02
9	123	0.02
9	122	0.02
9	121	0.02
9	120	0.02
9	119	0.02
9	118	0.02
9	117	0.02
9	116	0.02
9	115	0.02
9	114	0.02
9	113	0.03
9	112	0.03
9	111	0.03
9	110	0.03
9	109	0.03
9	108	0.03
9	107	0.03
9	106	0.03
9	105	0.03
9	104	0.04
9	103	0.04
9	102	0.04
9	101	0.04
9	100	0.04
9	99	0.04
9	98	0.04
9	97	0.05
9	96	0.05
9	95	0.05
9	94	0.05
9	93	0.05
9	92	0.05
9	91	0.06
9	90	0.06
9	89	0.06
9	88	0.06
9	87	0.07
9	86	0.07
9	85	0.07
9	84	0.07
9	83	0.08
9	82	0.08
9	81	0.08
9	80	0.08
9	79	0.09
9	78	0.09
9	77	0.09
9	76	0.10
9	75	0.10
9	74	0.10
9	73	0.11
9	72	0.11
9	71	0.12
9	70	0.12
9	69	0.12
9	68	0.13
9	67	0.13
9	66	0.14
9	65	0.14
9	64	0.15
9	63	0.15
9	62	0.16
9	61	0.16
9	60	0.17
9	59	0.17
9	58	0.18
9	57	0.18
9	56	0.19
9	55	0.20
9	54	0.20
9	53	0.21
9	52	0.22
9	51	0.22
9	50	0.23
9	49	0.24
9	48	0.25
9	47	0.26
9	46	0.26
9	45	0.27
9	44	0.28
9	43	0.29
9	42	0.30
9	41	0.31
9	40	0.32
9	39	0.33
9	38	0.34
9	37	0.36
9	36	0.37
9	35	0.38
9	34	0.39
9	33	0.40
9	32	0.42
9	31	0.43
9	30	0.44
9	29	0.46
9	28	0.47
9	27	0.49
9	26	0.50
9	25	0.52
9	24	0.54
9	23	0.55
9	22	0.57
9	21	0.59
9	20	0.61
9	19	0.63
9	18	0.65
9	17	0.67
9	16	0.69
9	15	0.71
9	14	0.73
9	13	0.75
9	12	0.77
9	11	0.79
9	10	0.81
9	9	0.84
9	8	0.86
9	7	0.88
9	6	0.90
9	5	0.91
9	4	0.93
9	3	0.95
9	2	0.97
9	1	0.98
9	0	1.00
10	273	0.00
10	272	0.00
10	271	0.00
10	270	0.00
10	269	0.00
10	268	0.00
10	267	0.00
10	266	0.00
10	265	0.00
10	264	0.00
10	263	0.00
10	262	0.00
10	261	0.00
10	260	0.00
10	259	0.00
10	258	0.00
10	257	0.00
10	256	0.00
10	255	0.00
10	254	0.00
10	253	0.00
10	252	0.00
10	251	0.00
10	250	0.00
10	249	0.00
10	248	0.00
10	247	0.00
10	246	0.00
10	245	0.00
10	244	0.00
10	243	0.00
10	242	0.00
10	241	0.00
10	240	0.00
10	239	0.00
10	238	0.00
10	237	0.00
10	236	0.00
10	235	0.00
10	234	0.00
10	233	0.00
10	232	0.00
10	231	0.00
10	230	0.00
10	229	0.00
10	228	0.00
10	227	0.00
10	226	0.00
10	225	0.00
10	224	0.00
10	223	0.00
10	222	0.00
10	221	0.00
10	220	0.00
10	219	0.00
10	218	0.00
10	217	0.00
10	216	0.00
10	215	0.00
10	214	0.00
10	213	0.00
10	212	0.00
10	211	0.00
10	210	0.00
10	209	0.00
10	208	0.00
10	207	0.00
10	206	0.00
10	205	0.00
10	204	0.00
10	203	0.00
10	202	0.00
10	201	0.00
10	200	0.00
10	199	0.00
10	198	0.00
10	197	0.00
10	196	0.00
10	195	0.00
10	194	0.00
10	193	0.00
10	192	0.00
10	191	0.00
10	190	0.00
10	189	0.00
10	188	0.00
10	187	0.00
10	186	0.00
10	185	0.00
10	184	0.00
10	183	0.00
10	182	0.00
10	181	0.00
10	180	0.00
10	179	0.00
10	178	0.00
10	177	0.00
10	176	0.00
10	175	0.00
10	174	0.00
10	173	0.00
10	172	0.00
10	171	0.00
10	170	0.00
10	169	0.00
10	168	0.00
10	167	0.00
10	166	0.00
10	165	0.00
10	164	0.00
10	163	0.00
10	162	0.00
10	161	0.00
10	160	0.00
10	159	0.00
10	158	0.00
10	157	0.00
10	156	0.00
10	155	0.00
10	154	0.00
10	153	0.00
10	152	0.00
10	151	0.00
10	150	0.00
10	149	0.00
10	148	0.00
10	147	0.00
10	146	0.00
10	145	0.00
10	144	0.01
10	143	0.01
10	142	0.01
10	141	0.01
10	140	0.01
10	139	0.01
10	138	0.01
10	137	0.01
10	136	0.01
10	135	0.01
10	134	0.01
10	133	0.01
10	132	0.01
10	131	0.01
10	130	0.01
10	129	0.01
10	128	0.01
10	127	0.01
10	126	0.01
10	125	0.01
10	124	0.01
10	123	0.02
10	122	0.02
10	121	0.02
10	120	0.02
10	119	0.02
10	118	0.02
10	117	0.02
10	116	0.02
10	115	0.02
10	114	0.02
10	113	0.02
10	112	0.03
10	111	0.03
10	110	0.03
10	109	0.03
10	108	0.03
10	107	0.03
10	106	0.03
10	105	0.03
10	104	0.04
10	103	0.04
10	102	0.04
10	101	0.04
10	100	0.04
10	99	0.04
10	98	0.05
10	97	0.05
10	96	0.05
10	95	0.05
10	94	0.05
10	93	0.06
10	92	0.06
10	91	0.06
10	90	0.06
10	89	0.07
10	88	0.07
10	87	0.07
10	86	0.07
10	85	0.08
10	84	0.08
10	83	0.08
10	82	0.09
10	81	0.09
10	80	0.09
10	79	0.10
10	78	0.10
10	77	0.10
10	76	0.11
10	75	0.11
10	74	0.11
10	73	0.12
10	72	0.12
10	71	0.13
10	70	0.13
10	69	0.13
10	68	0.14
10	67	0.14
10	66	0.15
10	65	0.16
10	64	0.16
10	63	0.17
10	62	0.17
10	61	0.18
10	60	0.18
10	59	0.19
10	58	0.20
10	57	0.20
10	56	0.21
10	55	0.22
10	54	0.23
10	53	0.23
10	52	0.24
10	51	0.25
10	50	0.26
10	49	0.26
10	48	0.27
10	47	0.28
10	46	0.29
10	45	0.30
10	44	0.31
10	43	0.32
10	42	0.33
10	41	0.34
10	40	0.35
10	39	0.36
10	38	0.38
10	37	0.39
10	36	0.40
10	35	0.41
10	34	0.43
10	33	0.44
10	32	0.45
10	31	0.47
10	30	0.48
10	29	0.50
10	28	0.52
10	27	0.53
10	26	0.55
10	25	0.57
10	24	0.58
10	23	0.60
10	22	0.62
10	21	0.64
10	20	0.66
10	19	0.68
10	18	0.70
10	17	0.71
10	16	0.73
10	15	0.75
10	14	0.77
10	13	0.79
10	12	0.81
10	11	0.83
10	10	0.85
10	9	0.87
10	8	0.88
10	7	0.90
10	6	0.92
10	5	0.93
10	4	0.95
10	3	0.96
10	2	0.98
10	1	0.99
10	0	1.00
11	275	0.00
11	274	0.00
11	273	0.00
11	272	0.00
11	271	0.00
11	270	0.00
11	269	0.00
11	268	0.00
11	267	0.00
11	266	0.00
11	265	0.00
11	264	0.00
11	263	0.00
11	262	0.00
11	261	0.00
11	260	0.00
11	259	0.00
11	258	0.00
11	257	0.00
11	256	0.00
11	255	0.00
11	254	0.00
11	253	0.00
11	252	0.00
11	251	0.00
11	250	0.00
11	249	0.00
11	248	0.00
11	247	0.00
11	246	0.00
11	245	0.00
11	244	0.00
11	243	0.00
11	242	0.00
11	241	0.00
11	240	0.00
11	239	0.00
11	238	0.00
11	237	0.00
11	236	0.00
11	235	0.00
11	234	0.00
11	233	0.00
11	232	0.00
11	231	0.00
11	230	0.00
11	229	0.00
11	228	0.00
11	227	0.00
11	226	0.00
11	225	0.00
11	224	0.00
11	223	0.00
11	222	0.00
11	221	0.00
11	220	0.00
11	219	0.00
11	218	0.00
11	217	0.00
11	216	0.00
11	215	0.00
11	214	0.00
11	213	0.00
11	212	0.00
11	211	0.00
11	210	0.00
11	209	0.00
11	208	0.00
11	207	0.00
11	206	0.00
11	205	0.00
11	204	0.00
11	203	0.00
11	202	0.00
11	201	0.00
11	200	0.00
11	199	0.00
11	198	0.00
11	197	0.00
11	196	0.00
11	195	0.00
11	194	0.00
11	193	0.00
11	192	0.00
11	191	0.00
11	190	0.00
11	189	0.00
11	188	0.00
11	187	0.00
11	186	0.00
11	185	0.00
11	184	0.00
11	183	0.00
11	182	0.00
11	181	0.00
11	180	0.00
11	179	0.00
11	178	0.00
11	177	0.00
11	176	0.00
11	175	0.00
11	174	0.00
11	173	0.00
11	172	0.00
11	171	0.00
11	170	0.00
11	169	0.00
11	168	0.00
11	167	0.00
11	166	0.00
11	165	0.00
11	164	0.00
11	163	0.00
11	162	0.00
11	161	0.00
11	160	0.00
11	159	0.00
11	158	0.00
11	157	0.00
11	156	0.00
11	155	0.00
11	154	0.00
11	153	0.00
11	152	0.00
11	151	0.00
11	150	0.00
11	149	0.00
11	148	0.00
11	147	0.00
11	146	0.00
11	145	0.00
11	144	0.00
11	143	0.00
11	142	0.00
11	141	0.00
11	140	0.00
11	139	0.00
11	138	0.00
11	137	0.00
11	136	0.00
11	135	0.00
11	134	0.00
11	133	0.00
11	132	0.00
11	131	0.00
11	130	0.00
11	129	0.00
11	128	0.00
11	127	0.00
11	126	0.01
11	125	0.01
11	124	0.01
11	123	0.01
11	122	0.01
11	121	0.01
11	120	0.01
11	119	0.01
11	118	0.01
11	117	0.01
11	116	0.01
11	115	0.01
11	114	0.01
11	113	0.01
11	112	0.01
11	111	0.01
11	110	0.01
11	109	0.01
11	108	0.01
11	107	0.01
11	106	0.01
11	105	0.01
11	104	0.01
11	103	0.02
11	102	0.02
11	101	0.02
11	100	0.02
11	99	0.02
11	98	0.02
11	97	0.02
11	96	0.02
11	95	0.02
11	94	0.02
11	93	0.02
11	92	0.03
11	91	0.03
11	90	0.03
11	89	0.03
11	88	0.03
11	87	0.03
11	86	0.03
11	85	0.04
11	84	0.04
11	83	0.04
11	82	0.04
11	81	0.04
11	80	0.04
11	79	0.05
11	78	0.05
11	77	0.05
11	76	0.05
11	75	0.05
11	74	0.06
11	73	0.06
11	72	0.06
11	71	0.06
11	70	0.07
11	69	0.07
11	68	0.07
11	67	0.08
11	66	0.08
11	65	0.08
11	64	0.09
11	63	0.09
11	62	0.10
11	61	0.10
11	60	0.10
11	59	0.11
11	58	0.11
11	57	0.12
11	56	0.12
11	55	0.13
11	54	0.13
11	53	0.14
11	52	0.15
11	51	0.15
11	50	0.16
11	49	0.17
11	48	0.17
11	47	0.18
11	46	0.19
11	45	0.20
11	44	0.20
11	43	0.21
11	42	0.22
11	41	0.23
11	40	0.24
11	39	0.25
11	38	0.26
11	37	0.27
11	36	0.29
11	35	0.30
11	34	0.31
11	33	0.33
11	32	0.34
11	31	0.36
11	30	0.37
11	29	0.39
11	28	0.41
11	27	0.42
11	26	0.44
11	25	0.46
11	24	0.48
11	23	0.50
11	22	0.52
11	21	0.54
11	20	0.56
11	19	0.58
11	18	0.60
11	17	0.62
11	16	0.65
11	15	0.67
11	14	0.69
11	13	0.72
11	12	0.74
11	11	0.76
11	10	0.79
11	9	0.81
11	8	0.83
11	7	0.86
11	6	0.88
11	5	0.90
11	4	0.92
11	3	0.94
11	2	0.96
11	1	0.98
11	0	1.00
12	206	0.00
12	205	0.00
12	204	0.00
12	203	0.00
12	202	0.00
12	201	0.00
12	200	0.00
12	199	0.00
12	198	0.00
12	197	0.00
12	196	0.00
12	195	0.00
12	194	0.00
12	193	0.00
12	192	0.00
12	191	0.00
12	190	0.00
12	189	0.00
12	188	0.00
12	187	0.00
12	186	0.00
12	185	0.00
12	184	0.00
12	183	0.00
12	182	0.00
12	181	0.00
12	180	0.00
12	179	0.00
12	178	0.00
12	177	0.00
12	176	0.00
12	175	0.00
12	174	0.00
12	173	0.00
12	172	0.00
12	171	0.00
12	170	0.00
12	169	0.00
12	168	0.00
12	167	0.00
12	166	0.00
12	165	0.00
12	164	0.00
12	163	0.00
12	162	0.00
12	161	0.00
12	160	0.00
12	159	0.00
12	158	0.00
12	157	0.00
12	156	0.00
12	155	0.00
12	154	0.00
12	153	0.00
12	152	0.00
12	151	0.00
12	150	0.00
12	149	0.00
12	148	0.00
12	147	0.00
12	146	0.00
12	145	0.00
12	144	0.00
12	143	0.00
12	142	0.00
12	141	0.00
12	140	0.00
12	139	0.00
12	138	0.00
12	137	0.00
12	136	0.00
12	135	0.00
12	134	0.00
12	133	0.01
12	132	0.01
12	131	0.01
12	130	0.01
12	129	0.01
12	128	0.01
12	127	0.01
12	126	0.01
12	125	0.01
12	124	0.01
12	123	0.01
12	122	0.01
12	121	0.01
12	120	0.01
12	119	0.01
12	118	0.01
12	117	0.01
12	116	0.01
12	115	0.01
12	114	0.01
12	113	0.01
12	112	0.01
12	111	0.01
12	110	0.01
12	109	0.02
12	108	0.02
12	107	0.02
12	106	0.02
12	105	0.02
12	104	0.02
12	103	0.02
12	102	0.02
12	101	0.02
12	100	0.02
12	99	0.02
12	98	0.03
12	97	0.03
12	96	0.03
12	95	0.03
12	94	0.03
12	93	0.03
12	92	0.04
12	91	0.04
12	90	0.04
12	89	0.04
12	88	0.04
12	87	0.04
12	86	0.05
12	85	0.05
12	84	0.05
12	83	0.05
12	82	0.06
12	81	0.06
12	80	0.06
12	79	0.06
12	78	0.07
12	77	0.07
12	76	0.07
12	75	0.08
12	74	0.08
12	73	0.08
12	72	0.09
12	71	0.09
12	70	0.10
12	69	0.10
12	68	0.10
12	67	0.11
12	66	0.11
12	65	0.12
12	64	0.12
12	63	0.12
12	62	0.13
12	61	0.14
12	60	0.14
12	59	0.15
12	58	0.15
12	57	0.16
12	56	0.17
12	55	0.17
12	54	0.18
12	53	0.19
12	52	0.19
12	51	0.20
12	50	0.21
12	49	0.22
12	48	0.22
12	47	0.23
12	46	0.24
12	45	0.25
12	44	0.26
12	43	0.27
12	42	0.28
12	41	0.29
12	40	0.31
12	39	0.32
12	38	0.33
12	37	0.34
12	36	0.36
12	35	0.37
12	34	0.39
12	33	0.40
12	32	0.42
12	31	0.43
12	30	0.45
12	29	0.46
12	28	0.48
12	27	0.50
12	26	0.52
12	25	0.53
12	24	0.55
12	23	0.57
12	22	0.59
12	21	0.61
12	20	0.63
12	19	0.65
12	18	0.67
12	17	0.69
12	16	0.71
12	15	0.73
12	14	0.75
12	13	0.77
12	12	0.79
12	11	0.81
12	10	0.83
12	9	0.85
12	8	0.87
12	7	0.89
12	6	0.90
12	5	0.92
12	4	0.94
12	3	0.96
12	2	0.97
12	1	0.99
12	0	1.00
13	212	0.00
13	211	0.00
13	210	0.00
13	209	0.00
13	208	0.00
13	207	0.00
13	206	0.00
13	205	0.00
13	204	0.00
13	203	0.00
13	202	0.00
13	201	0.00
13	200	0.00
13	199	0.00
13	198	0.00
13	197	0.00
13	196	0.00
13	195	0.00
13	194	0.00
13	193	0.00
13	192	0.00
13	191	0.00
13	190	0.00
13	189	0.00
13	188	0.00
13	187	0.00
13	186	0.00
13	185	0.00
13	184	0.00
13	183	0.00
13	182	0.00
13	181	0.00
13	180	0.00
13	179	0.00
13	178	0.00
13	177	0.00
13	176	0.00
13	175	0.00
13	174	0.00
13	173	0.00
13	172	0.00
13	171	0.00
13	170	0.00
13	169	0.00
13	168	0.00
13	167	0.00
13	166	0.00
13	165	0.00
13	164	0.00
13	163	0.00
13	162	0.00
13	161	0.00
13	160	0.00
13	159	0.00
13	158	0.00
13	157	0.00
13	156	0.00
13	155	0.00
13	154	0.00
13	153	0.00
13	152	0.00
13	151	0.00
13	150	0.00
13	149	0.00
13	148	0.00
13	147	0.00
13	146	0.00
13	145	0.00
13	144	0.00
13	143	0.00
13	142	0.00
13	141	0.00
13	140	0.00
13	139	0.01
13	138	0.01
13	137	0.01
13	136	0.01
13	135	0.01
13	134	0.01
13	133	0.01
13	132	0.01
13	131	0.01
13	130	0.01
13	129	0.01
13	128	0.01
13	127	0.01
13	126	0.01
13	125	0.01
13	124	0.01
13	123	0.01
13	122	0.01
13	121	0.01
13	120	0.01
13	119	0.01
13	118	0.01
13	117	0.01
13	116	0.01
13	115	0.02
13	114	0.02
13	113	0.02
13	112	0.02
13	111	0.02
13	110	0.02
13	109	0.02
13	108	0.02
13	107	0.02
13	106	0.02
13	105	0.02
13	104	0.02
13	103	0.03
13	102	0.03
13	101	0.03
13	100	0.03
13	99	0.03
13	98	0.03
13	97	0.03
13	96	0.04
13	95	0.04
13	94	0.04
13	93	0.04
13	92	0.04
13	91	0.04
13	90	0.05
13	89	0.05
13	88	0.05
13	87	0.05
13	86	0.05
13	85	0.06
13	84	0.06
13	83	0.06
13	82	0.06
13	81	0.07
13	80	0.07
13	79	0.07
13	78	0.07
13	77	0.08
13	76	0.08
13	75	0.08
13	74	0.09
13	73	0.09
13	72	0.09
13	71	0.10
13	70	0.10
13	69	0.11
13	68	0.11
13	67	0.11
13	66	0.12
13	65	0.12
13	64	0.13
13	63	0.13
13	62	0.14
13	61	0.14
13	60	0.15
13	59	0.16
13	58	0.16
13	57	0.17
13	56	0.17
13	55	0.18
13	54	0.19
13	53	0.19
13	52	0.20
13	51	0.21
13	50	0.22
13	49	0.22
13	48	0.23
13	47	0.24
13	46	0.25
13	45	0.26
13	44	0.27
13	43	0.28
13	42	0.29
13	41	0.30
13	40	0.31
13	39	0.32
13	38	0.34
13	37	0.35
13	36	0.36
13	35	0.37
13	34	0.39
13	33	0.40
13	32	0.42
13	31	0.43
13	30	0.45
13	29	0.46
13	28	0.48
13	27	0.50
13	26	0.51
13	25	0.53
13	24	0.55
13	23	0.57
13	22	0.59
13	21	0.61
13	20	0.63
13	19	0.65
13	18	0.67
13	17	0.69
13	16	0.71
13	15	0.73
13	14	0.76
13	13	0.78
13	12	0.80
13	11	0.82
13	10	0.84
13	9	0.86
13	8	0.88
13	7	0.90
13	6	0.92
13	5	0.93
13	4	0.95
13	3	0.97
13	2	0.98
13	1	0.99
13	0	1.00
14	295	0.00
14	294	0.00
14	293	0.00
14	292	0.00
14	291	0.00
14	290	0.00
14	289	0.00
14	288	0.00
14	287	0.00
14	286	0.00
14	285	0.00
14	284	0.00
14	283	0.00
14	282	0.00
14	281	0.00
14	280	0.00
14	279	0.00
14	278	0.00
14	277	0.00
14	276	0.00
14	275	0.00
14	274	0.00
14	273	0.00
14	272	0.00
14	271	0.00
14	270	0.00
14	269	0.00
14	268	0.00
14	267	0.00
14	266	0.00
14	265	0.00
14	264	0.00
14	263	0.00
14	262	0.00
14	261	0.00
14	260	0.00
14	259	0.00
14	258	0.00
14	257	0.00
14	256	0.00
14	255	0.00
14	254	0.00
14	253	0.00
14	252	0.00
14	251	0.00
14	250	0.00
14	249	0.00
14	248	0.00
14	247	0.00
14	246	0.00
14	245	0.00
14	244	0.00
14	243	0.00
14	242	0.00
14	241	0.00
14	240	0.00
14	239	0.00
14	238	0.00
14	237	0.00
14	236	0.00
14	235	0.00
14	234	0.00
14	233	0.00
14	232	0.00
14	231	0.00
14	230	0.00
14	229	0.00
14	228	0.00
14	227	0.00
14	226	0.00
14	225	0.00
14	224	0.00
14	223	0.00
14	222	0.00
14	221	0.00
14	220	0.00
14	219	0.00
14	218	0.00
14	217	0.00
14	216	0.00
14	215	0.00
14	214	0.00
14	213	0.00
14	212	0.00
14	211	0.00
14	210	0.00
14	209	0.00
14	208	0.00
14	207	0.00
14	206	0.00
14	205	0.00
14	204	0.00
14	203	0.00
14	202	0.00
14	201	0.00
14	200	0.00
14	199	0.00
14	198	0.00
14	197	0.00
14	196	0.00
14	195	0.00
14	194	0.00
14	193	0.00
14	192	0.00
14	191	0.00
14	190	0.00
14	189	0.00
14	188	0.00
14	187	0.00
14	186	0.00
14	185	0.00
14	184	0.00
14	183	0.00
14	182	0.00
14	181	0.00
14	180	0.00
14	179	0.00
14	178	0.00
14	177	0.00
14	176	0.00
14	175	0.00
14	174	0.00
14	173	0.00
14	172	0.00
14	171	0.00
14	170	0.00
14	169	0.00
14	168	0.00
14	167	0.00
14	166	0.00
14	165	0.00
14	164	0.00
14	163	0.00
14	162	0.00
14	161	0.00
14	160	0.00
14	159	0.00
14	158	0.00
14	157	0.00
14	156	0.00
14	155	0.00
14	154	0.00
14	153	0.00
14	152	0.00
14	151	0.00
14	150	0.00
14	149	0.00
14	148	0.00
14	147	0.00
14	146	0.00
14	145	0.00
14	144	0.01
14	143	0.01
14	142	0.01
14	141	0.01
14	140	0.01
14	139	0.01
14	138	0.01
14	137	0.01
14	136	0.01
14	135	0.01
14	134	0.01
14	133	0.01
14	132	0.01
14	131	0.01
14	130	0.01
14	129	0.01
14	128	0.01
14	127	0.01
14	126	0.01
14	125	0.01
14	124	0.01
14	123	0.01
14	122	0.01
14	121	0.01
14	120	0.02
14	119	0.02
14	118	0.02
14	117	0.02
14	116	0.02
14	115	0.02
14	114	0.02
14	113	0.02
14	112	0.02
14	111	0.02
14	110	0.02
14	109	0.02
14	108	0.03
14	107	0.03
14	106	0.03
14	105	0.03
14	104	0.03
14	103	0.03
14	102	0.03
14	101	0.03
14	100	0.03
14	99	0.04
14	98	0.04
14	97	0.04
14	96	0.04
14	95	0.04
14	94	0.04
14	93	0.04
14	92	0.05
14	91	0.05
14	90	0.05
14	89	0.05
14	88	0.05
14	87	0.06
14	86	0.06
14	85	0.06
14	84	0.06
14	83	0.07
14	82	0.07
14	81	0.07
14	80	0.07
14	79	0.08
14	78	0.08
14	77	0.08
14	76	0.09
14	75	0.09
14	74	0.09
14	73	0.10
14	72	0.10
14	71	0.10
14	70	0.11
14	69	0.11
14	68	0.11
14	67	0.12
14	66	0.12
14	65	0.13
14	64	0.13
14	63	0.14
14	62	0.14
14	61	0.15
14	60	0.15
14	59	0.16
14	58	0.17
14	57	0.17
14	56	0.18
14	55	0.19
14	54	0.19
14	53	0.20
14	52	0.21
14	51	0.21
14	50	0.22
14	49	0.23
14	48	0.24
14	47	0.25
14	46	0.26
14	45	0.26
14	44	0.27
14	43	0.28
14	42	0.29
14	41	0.31
14	40	0.32
14	39	0.33
14	38	0.34
14	37	0.35
14	36	0.36
14	35	0.38
14	34	0.39
14	33	0.40
14	32	0.42
14	31	0.43
14	30	0.45
14	29	0.46
14	28	0.48
14	27	0.49
14	26	0.51
14	25	0.53
14	24	0.54
14	23	0.56
14	22	0.58
14	21	0.60
14	20	0.62
14	19	0.64
14	18	0.66
14	17	0.68
14	16	0.70
14	15	0.72
14	14	0.74
14	13	0.76
14	12	0.78
14	11	0.80
14	10	0.82
14	9	0.84
14	8	0.86
14	7	0.88
14	6	0.90
14	5	0.92
14	4	0.93
14	3	0.95
14	2	0.97
14	1	0.99
14	0	1.00
15	285	0.00
15	284	0.00
15	283	0.00
15	282	0.00
15	281	0.00
15	280	0.00
15	279	0.00
15	278	0.00
15	277	0.00
15	276	0.00
15	275	0.00
15	274	0.00
15	273	0.00
15	272	0.00
15	271	0.00
15	270	0.00
15	269	0.00
15	268	0.00
15	267	0.00
15	266	0.00
15	265	0.00
15	264	0.00
15	263	0.00
15	262	0.00
15	261	0.00
15	260	0.00
15	259	0.00
15	258	0.00
15	257	0.00
15	256	0.00
15	255	0.00
15	254	0.00
15	253	0.00
15	252	0.00
15	251	0.00
15	250	0.00
15	249	0.00
15	248	0.00
15	247	0.00
15	246	0.00
15	245	0.00
15	244	0.00
15	243	0.00
15	242	0.00
15	241	0.00
15	240	0.00
15	239	0.00
15	238	0.00
15	237	0.00
15	236	0.00
15	235	0.00
15	234	0.00
15	233	0.00
15	232	0.00
15	231	0.00
15	230	0.00
15	229	0.00
15	228	0.00
15	227	0.00
15	226	0.00
15	225	0.00
15	224	0.00
15	223	0.00
15	222	0.00
15	221	0.00
15	220	0.00
15	219	0.00
15	218	0.00
15	217	0.00
15	216	0.00
15	215	0.00
15	214	0.00
15	213	0.00
15	212	0.00
15	211	0.00
15	210	0.00
15	209	0.00
15	208	0.00
15	207	0.00
15	206	0.00
15	205	0.00
15	204	0.00
15	203	0.00
15	202	0.00
15	201	0.00
15	200	0.00
15	199	0.00
15	198	0.00
15	197	0.00
15	196	0.00
15	195	0.00
15	194	0.00
15	193	0.00
15	192	0.00
15	191	0.00
15	190	0.00
15	189	0.00
15	188	0.00
15	187	0.00
15	186	0.00
15	185	0.00
15	184	0.00
15	183	0.00
15	182	0.00
15	181	0.00
15	180	0.00
15	179	0.00
15	178	0.00
15	177	0.00
15	176	0.00
15	175	0.00
15	174	0.00
15	173	0.00
15	172	0.00
15	171	0.00
15	170	0.00
15	169	0.00
15	168	0.00
15	167	0.00
15	166	0.00
15	165	0.00
15	164	0.00
15	163	0.00
15	162	0.00
15	161	0.00
15	160	0.00
15	159	0.00
15	158	0.00
15	157	0.00
15	156	0.00
15	155	0.00
15	154	0.00
15	153	0.00
15	152	0.00
15	151	0.00
15	150	0.00
15	149	0.00
15	148	0.00
15	147	0.00
15	146	0.01
15	145	0.01
15	144	0.01
15	143	0.01
15	142	0.01
15	141	0.01
15	140	0.01
15	139	0.01
15	138	0.01
15	137	0.01
15	136	0.01
15	135	0.01
15	134	0.01
15	133	0.01
15	132	0.01
15	131	0.01
15	130	0.01
15	129	0.01
15	128	0.01
15	127	0.01
15	126	0.01
15	125	0.01
15	124	0.01
15	123	0.01
15	122	0.02
15	121	0.02
15	120	0.02
15	119	0.02
15	118	0.02
15	117	0.02
15	116	0.02
15	115	0.02
15	114	0.02
15	113	0.02
15	112	0.02
15	111	0.02
15	110	0.03
15	109	0.03
15	108	0.03
15	107	0.03
15	106	0.03
15	105	0.03
15	104	0.03
15	103	0.03
15	102	0.04
15	101	0.04
15	100	0.04
15	99	0.04
15	98	0.04
15	97	0.04
15	96	0.05
15	95	0.05
15	94	0.05
15	93	0.05
15	92	0.05
15	91	0.06
15	90	0.06
15	89	0.06
15	88	0.06
15	87	0.07
15	86	0.07
15	85	0.07
15	84	0.07
15	83	0.08
15	82	0.08
15	81	0.08
15	80	0.09
15	79	0.09
15	78	0.09
15	77	0.10
15	76	0.10
15	75	0.10
15	74	0.11
15	73	0.11
15	72	0.12
15	71	0.12
15	70	0.12
15	69	0.13
15	68	0.13
15	67	0.14
15	66	0.14
15	65	0.15
15	64	0.15
15	63	0.16
15	62	0.17
15	61	0.17
15	60	0.18
15	59	0.18
15	58	0.19
15	57	0.20
15	56	0.20
15	55	0.21
15	54	0.22
15	53	0.23
15	52	0.23
15	51	0.24
15	50	0.25
15	49	0.26
15	48	0.27
15	47	0.28
15	46	0.29
15	45	0.30
15	44	0.31
15	43	0.32
15	42	0.33
15	41	0.34
15	40	0.35
15	39	0.36
15	38	0.37
15	37	0.38
15	36	0.40
15	35	0.41
15	34	0.42
15	33	0.44
15	32	0.45
15	31	0.47
15	30	0.48
15	29	0.50
15	28	0.51
15	27	0.53
15	26	0.55
15	25	0.56
15	24	0.58
15	23	0.60
15	22	0.62
15	21	0.64
15	20	0.65
15	19	0.67
15	18	0.69
15	17	0.71
15	16	0.73
15	15	0.75
15	14	0.77
15	13	0.79
15	12	0.80
15	11	0.82
15	10	0.84
15	9	0.86
15	8	0.88
15	7	0.90
15	6	0.91
15	5	0.93
15	4	0.95
15	3	0.96
15	2	0.98
15	1	0.99
15	0	1.00
16	310	0.00
16	309	0.00
16	308	0.00
16	307	0.00
16	306	0.00
16	305	0.00
16	304	0.00
16	303	0.00
16	302	0.00
16	301	0.00
16	300	0.00
16	299	0.00
16	298	0.00
16	297	0.00
16	296	0.00
16	295	0.00
16	294	0.00
16	293	0.00
16	292	0.00
16	291	0.00
16	290	0.00
16	289	0.00
16	288	0.00
16	287	0.00
16	286	0.00
16	285	0.00
16	284	0.00
16	283	0.00
16	282	0.00
16	281	0.00
16	280	0.00
16	279	0.00
16	278	0.00
16	277	0.00
16	276	0.00
16	275	0.00
16	274	0.00
16	273	0.00
16	272	0.00
16	271	0.00
16	270	0.00
16	269	0.00
16	268	0.00
16	267	0.00
16	266	0.00
16	265	0.00
16	264	0.00
16	263	0.00
16	262	0.00
16	261	0.00
16	260	0.00
16	259	0.00
16	258	0.00
16	257	0.00
16	256	0.00
16	255	0.00
16	254	0.00
16	253	0.00
16	252	0.00
16	251	0.00
16	250	0.00
16	249	0.00
16	248	0.00
16	247	0.00
16	246	0.00
16	245	0.00
16	244	0.00
16	243	0.00
16	242	0.00
16	241	0.00
16	240	0.00
16	239	0.00
16	238	0.00
16	237	0.00
16	236	0.00
16	235	0.00
16	234	0.00
16	233	0.00
16	232	0.00
16	231	0.00
16	230	0.00
16	229	0.00
16	228	0.00
16	227	0.00
16	226	0.00
16	225	0.00
16	224	0.00
16	223	0.00
16	222	0.00
16	221	0.00
16	220	0.00
16	219	0.00
16	218	0.00
16	217	0.00
16	216	0.00
16	215	0.00
16	214	0.00
16	213	0.00
16	212	0.00
16	211	0.00
16	210	0.00
16	209	0.00
16	208	0.00
16	207	0.00
16	206	0.00
16	205	0.00
16	204	0.00
16	203	0.00
16	202	0.00
16	201	0.00
16	200	0.00
16	199	0.00
16	198	0.00
16	197	0.00
16	196	0.00
16	195	0.00
16	194	0.00
16	193	0.00
16	192	0.00
16	191	0.00
16	190	0.00
16	189	0.00
16	188	0.00
16	187	0.01
16	186	0.01
16	185	0.01
16	184	0.01
16	183	0.01
16	182	0.01
16	181	0.01
16	180	0.01
16	179	0.01
16	178	0.01
16	177	0.01
16	176	0.01
16	175	0.01
16	174	0.01
16	173	0.01
16	172	0.01
16	171	0.01
16	170	0.01
16	169	0.01
16	168	0.01
16	167	0.01
16	166	0.01
16	165	0.01
16	164	0.01
16	163	0.01
16	162	0.01
16	161	0.01
16	160	0.01
16	159	0.01
16	158	0.01
16	157	0.01
16	156	0.01
16	155	0.01
16	154	0.01
16	153	0.01
16	152	0.01
16	151	0.01
16	150	0.01
16	149	0.01
16	148	0.01
16	147	0.01
16	146	0.01
16	145	0.01
16	144	0.01
16	143	0.01
16	142	0.01
16	141	0.01
16	140	0.02
16	139	0.02
16	138	0.02
16	137	0.02
16	136	0.02
16	135	0.02
16	134	0.02
16	133	0.02
16	132	0.02
16	131	0.02
16	130	0.02
16	129	0.02
16	128	0.02
16	127	0.02
16	126	0.02
16	125	0.02
16	124	0.02
16	123	0.02
16	122	0.02
16	121	0.02
16	120	0.02
16	119	0.02
16	118	0.02
16	117	0.03
16	116	0.03
16	115	0.03
16	114	0.03
16	113	0.03
16	112	0.03
16	111	0.03
16	110	0.03
16	109	0.03
16	108	0.03
16	107	0.03
16	106	0.03
16	105	0.03
16	104	0.04
16	103	0.04
16	102	0.04
16	101	0.04
16	100	0.04
16	99	0.04
16	98	0.04
16	97	0.04
16	96	0.04
16	95	0.04
16	94	0.05
16	93	0.05
16	92	0.05
16	91	0.05
16	90	0.05
16	89	0.05
16	88	0.06
16	87	0.06
16	86	0.06
16	85	0.06
16	84	0.06
16	83	0.06
16	82	0.07
16	81	0.07
16	80	0.07
16	79	0.07
16	78	0.08
16	77	0.08
16	76	0.08
16	75	0.08
16	74	0.09
16	73	0.09
16	72	0.09
16	71	0.09
16	70	0.10
16	69	0.10
16	68	0.10
16	67	0.11
16	66	0.11
16	65	0.12
16	64	0.12
16	63	0.12
16	62	0.13
16	61	0.13
16	60	0.14
16	59	0.14
16	58	0.15
16	57	0.15
16	56	0.16
16	55	0.16
16	54	0.17
16	53	0.17
16	52	0.18
16	51	0.18
16	50	0.19
16	49	0.20
16	48	0.20
16	47	0.21
16	46	0.22
16	45	0.23
16	44	0.23
16	43	0.24
16	42	0.25
16	41	0.26
16	40	0.27
16	39	0.28
16	38	0.29
16	37	0.30
16	36	0.31
16	35	0.32
16	34	0.33
16	33	0.35
16	32	0.36
16	31	0.37
16	30	0.39
16	29	0.40
16	28	0.41
16	27	0.43
16	26	0.44
16	25	0.46
16	24	0.48
16	23	0.49
16	22	0.51
16	21	0.53
16	20	0.55
16	19	0.57
16	18	0.59
16	17	0.61
16	16	0.63
16	15	0.65
16	14	0.67
16	13	0.69
16	12	0.71
16	11	0.74
16	10	0.76
16	9	0.79
16	8	0.81
16	7	0.83
16	6	0.86
16	5	0.88
16	4	0.90
16	3	0.93
16	2	0.95
16	1	0.98
16	0	1.00
17	252	0.00
17	251	0.00
17	250	0.00
17	249	0.00
17	248	0.00
17	247	0.00
17	246	0.00
17	245	0.00
17	244	0.00
17	243	0.00
17	242	0.00
17	241	0.00
17	240	0.00
17	239	0.00
17	238	0.00
17	237	0.00
17	236	0.00
17	235	0.00
17	234	0.00
17	233	0.00
17	232	0.00
17	231	0.00
17	230	0.00
17	229	0.00
17	228	0.00
17	227	0.00
17	226	0.00
17	225	0.00
17	224	0.00
17	223	0.00
17	222	0.00
17	221	0.00
17	220	0.00
17	219	0.00
17	218	0.00
17	217	0.00
17	216	0.00
17	215	0.00
17	214	0.00
17	213	0.00
17	212	0.00
17	211	0.00
17	210	0.00
17	209	0.00
17	208	0.00
17	207	0.00
17	206	0.00
17	205	0.00
17	204	0.00
17	203	0.00
17	202	0.00
17	201	0.00
17	200	0.00
17	199	0.00
17	198	0.00
17	197	0.00
17	196	0.00
17	195	0.00
17	194	0.00
17	193	0.00
17	192	0.00
17	191	0.00
17	190	0.00
17	189	0.00
17	188	0.00
17	187	0.00
17	186	0.00
17	185	0.00
17	184	0.00
17	183	0.00
17	182	0.00
17	181	0.00
17	180	0.00
17	179	0.00
17	178	0.00
17	177	0.00
17	176	0.00
17	175	0.00
17	174	0.00
17	173	0.00
17	172	0.00
17	171	0.00
17	170	0.00
17	169	0.00
17	168	0.00
17	167	0.00
17	166	0.00
17	165	0.00
17	164	0.00
17	163	0.00
17	162	0.00
17	161	0.00
17	160	0.00
17	159	0.00
17	158	0.00
17	157	0.00
17	156	0.00
17	155	0.00
17	154	0.00
17	153	0.00
17	152	0.00
17	151	0.00
17	150	0.00
17	149	0.00
17	148	0.00
17	147	0.00
17	146	0.00
17	145	0.00
17	144	0.00
17	143	0.00
17	142	0.00
17	141	0.00
17	140	0.00
17	139	0.00
17	138	0.00
17	137	0.00
17	136	0.00
17	135	0.00
17	134	0.00
17	133	0.00
17	132	0.00
17	131	0.00
17	130	0.01
17	129	0.01
17	128	0.01
17	127	0.01
17	126	0.01
17	125	0.01
17	124	0.01
17	123	0.01
17	122	0.01
17	121	0.01
17	120	0.01
17	119	0.01
17	118	0.01
17	117	0.01
17	116	0.01
17	115	0.01
17	114	0.01
17	113	0.01
17	112	0.01
17	111	0.01
17	110	0.01
17	109	0.01
17	108	0.01
17	107	0.01
17	106	0.01
17	105	0.01
17	104	0.01
17	103	0.01
17	102	0.02
17	101	0.02
17	100	0.02
17	99	0.02
17	98	0.02
17	97	0.02
17	96	0.02
17	95	0.02
17	94	0.02
17	93	0.02
17	92	0.02
17	91	0.02
17	90	0.03
17	89	0.03
17	88	0.03
17	87	0.03
17	86	0.03
17	85	0.03
17	84	0.03
17	83	0.03
17	82	0.04
17	81	0.04
17	80	0.04
17	79	0.04
17	78	0.04
17	77	0.04
17	76	0.04
17	75	0.05
17	74	0.05
17	73	0.05
17	72	0.05
17	71	0.05
17	70	0.06
17	69	0.06
17	68	0.06
17	67	0.06
17	66	0.07
17	65	0.07
17	64	0.07
17	63	0.07
17	62	0.08
17	61	0.08
17	60	0.08
17	59	0.09
17	58	0.09
17	57	0.10
17	56	0.10
17	55	0.10
17	54	0.11
17	53	0.11
17	52	0.12
17	51	0.12
17	50	0.13
17	49	0.13
17	48	0.14
17	47	0.14
17	46	0.15
17	45	0.16
17	44	0.16
17	43	0.17
17	42	0.18
17	41	0.19
17	40	0.19
17	39	0.20
17	38	0.21
17	37	0.22
17	36	0.23
17	35	0.24
17	34	0.25
17	33	0.26
17	32	0.28
17	31	0.29
17	30	0.30
17	29	0.31
17	28	0.33
17	27	0.34
17	26	0.36
17	25	0.37
17	24	0.39
17	23	0.41
17	22	0.42
17	21	0.44
17	20	0.46
17	19	0.48
17	18	0.50
17	17	0.53
17	16	0.55
17	15	0.57
17	14	0.60
17	13	0.62
17	12	0.65
17	11	0.68
17	10	0.70
17	9	0.73
17	8	0.76
17	7	0.79
17	6	0.82
17	5	0.85
17	4	0.88
17	3	0.91
17	2	0.94
17	1	0.97
17	0	1.00
18	369	0.00
18	368	0.00
18	367	0.00
18	366	0.00
18	365	0.00
18	364	0.00
18	363	0.00
18	362	0.00
18	361	0.00
18	360	0.00
18	359	0.00
18	358	0.00
18	357	0.00
18	356	0.00
18	355	0.00
18	354	0.00
18	352	0.00
18	351	0.00
18	350	0.00
18	349	0.00
18	348	0.00
18	347	0.00
18	346	0.00
18	345	0.00
18	344	0.00
18	343	0.00
18	342	0.00
18	341	0.00
18	340	0.00
18	339	0.00
18	338	0.00
18	337	0.00
18	336	0.00
18	335	0.00
18	334	0.00
18	333	0.00
18	332	0.00
18	331	0.00
18	330	0.00
18	329	0.00
18	328	0.00
18	327	0.00
18	326	0.00
18	325	0.00
18	324	0.00
18	323	0.00
18	322	0.00
18	321	0.00
18	320	0.00
18	319	0.00
18	318	0.00
18	317	0.00
18	316	0.00
18	315	0.00
18	314	0.00
18	313	0.00
18	312	0.00
18	311	0.00
18	310	0.00
18	309	0.00
18	308	0.00
18	307	0.00
18	306	0.00
18	305	0.00
18	304	0.00
18	303	0.00
18	302	0.00
18	301	0.00
18	300	0.00
18	299	0.00
18	298	0.00
18	297	0.00
18	296	0.00
18	295	0.00
18	294	0.00
18	293	0.00
18	292	0.00
18	291	0.00
18	290	0.00
18	289	0.00
18	288	0.00
18	287	0.00
18	286	0.00
18	285	0.00
18	284	0.00
18	283	0.00
18	282	0.00
18	281	0.00
18	280	0.00
18	279	0.00
18	278	0.00
18	277	0.00
18	276	0.00
18	275	0.00
18	274	0.00
18	273	0.00
18	272	0.00
18	271	0.00
18	270	0.00
18	269	0.00
18	268	0.00
18	267	0.00
18	266	0.00
18	265	0.00
18	264	0.00
18	263	0.00
18	262	0.00
18	261	0.00
18	260	0.00
18	259	0.00
18	258	0.00
18	257	0.00
18	256	0.00
18	255	0.00
18	254	0.00
18	253	0.00
18	252	0.00
18	251	0.00
18	250	0.00
18	249	0.00
18	248	0.00
18	247	0.00
18	246	0.00
18	245	0.00
18	244	0.00
18	243	0.00
18	242	0.00
18	241	0.00
18	240	0.00
18	239	0.00
18	238	0.00
18	237	0.00
18	236	0.00
18	235	0.00
18	234	0.00
18	233	0.00
18	232	0.00
18	231	0.00
18	230	0.00
18	229	0.00
18	228	0.00
18	227	0.00
18	226	0.00
18	225	0.00
18	224	0.00
18	223	0.00
18	222	0.00
18	221	0.00
18	220	0.00
18	219	0.00
18	218	0.00
18	217	0.00
18	216	0.00
18	215	0.00
18	214	0.00
18	213	0.00
18	212	0.00
18	211	0.00
18	210	0.00
18	209	0.00
18	208	0.00
18	207	0.00
18	206	0.00
18	205	0.00
18	204	0.00
18	203	0.00
18	202	0.00
18	201	0.00
18	200	0.00
18	199	0.00
18	198	0.00
18	197	0.00
18	196	0.00
18	195	0.00
18	194	0.00
18	193	0.00
18	192	0.00
18	191	0.00
18	190	0.00
18	189	0.00
18	188	0.00
18	187	0.00
18	186	0.00
18	185	0.00
18	184	0.00
18	183	0.00
18	182	0.00
18	181	0.00
18	180	0.00
18	179	0.00
18	178	0.00
18	177	0.00
18	176	0.00
18	175	0.00
18	174	0.00
18	173	0.00
18	172	0.00
18	171	0.00
18	170	0.00
18	169	0.01
18	168	0.01
18	167	0.01
18	166	0.01
18	165	0.01
18	164	0.01
18	163	0.01
18	162	0.01
18	161	0.01
18	160	0.01
18	159	0.01
18	158	0.01
18	157	0.01
18	156	0.01
18	155	0.01
18	154	0.01
18	153	0.01
18	152	0.01
18	151	0.01
18	150	0.01
18	149	0.01
18	148	0.01
18	147	0.01
18	146	0.01
18	145	0.01
18	144	0.01
18	143	0.01
18	142	0.01
18	141	0.01
18	140	0.01
18	139	0.01
18	138	0.01
18	137	0.01
18	136	0.01
18	135	0.01
18	134	0.01
18	133	0.01
18	132	0.01
18	131	0.01
18	130	0.01
18	129	0.01
18	128	0.01
18	127	0.02
18	126	0.02
18	125	0.02
18	124	0.02
18	123	0.02
18	122	0.02
18	121	0.02
18	120	0.02
18	119	0.02
18	118	0.02
18	117	0.02
18	116	0.02
18	115	0.02
18	114	0.02
18	113	0.02
18	112	0.02
18	111	0.02
18	110	0.02
18	109	0.02
18	108	0.02
18	107	0.02
18	106	0.02
18	105	0.03
18	104	0.03
18	103	0.03
18	102	0.03
18	101	0.03
18	100	0.03
18	99	0.03
18	98	0.03
18	97	0.03
18	96	0.03
18	95	0.03
18	94	0.03
18	93	0.03
18	92	0.03
18	91	0.04
18	90	0.04
18	89	0.04
18	88	0.04
18	87	0.04
18	86	0.04
18	85	0.04
18	84	0.04
18	83	0.04
18	82	0.04
18	81	0.04
18	80	0.05
18	79	0.05
18	78	0.05
18	77	0.05
18	76	0.05
18	75	0.05
18	74	0.05
18	73	0.06
18	72	0.06
18	71	0.06
18	70	0.06
18	69	0.06
18	68	0.06
18	67	0.07
18	66	0.07
18	65	0.07
18	64	0.07
18	63	0.08
18	62	0.08
18	61	0.08
18	60	0.08
18	59	0.09
18	58	0.09
18	57	0.09
18	56	0.10
18	55	0.10
18	54	0.11
18	53	0.11
18	52	0.12
18	51	0.12
18	50	0.13
18	49	0.13
18	48	0.14
18	47	0.14
18	46	0.15
18	45	0.16
18	44	0.16
18	43	0.17
18	42	0.18
18	41	0.19
18	40	0.19
18	39	0.20
18	38	0.21
18	37	0.22
18	36	0.23
18	35	0.24
18	34	0.25
18	33	0.27
18	32	0.28
18	31	0.29
18	30	0.30
18	29	0.32
18	28	0.33
18	27	0.35
18	26	0.36
18	25	0.38
18	24	0.40
18	23	0.42
18	22	0.44
18	21	0.46
18	20	0.48
18	19	0.50
18	18	0.53
18	17	0.55
18	16	0.58
18	15	0.60
18	14	0.63
18	13	0.65
18	12	0.68
18	11	0.71
18	10	0.74
18	9	0.76
18	8	0.79
18	7	0.82
18	6	0.85
18	5	0.88
18	4	0.90
18	3	0.93
18	2	0.95
18	1	0.97
18	0	1.00
19	238	0.00
19	237	0.00
19	236	0.00
19	235	0.00
19	234	0.00
19	233	0.00
19	232	0.00
19	231	0.00
19	230	0.00
19	229	0.00
19	228	0.00
19	227	0.00
19	226	0.00
19	225	0.00
19	224	0.00
19	223	0.00
19	222	0.00
19	221	0.00
19	220	0.00
19	219	0.00
19	218	0.00
19	217	0.00
19	216	0.00
19	215	0.00
19	214	0.00
19	213	0.00
19	212	0.00
19	211	0.00
19	210	0.00
19	209	0.00
19	208	0.00
19	207	0.00
19	206	0.00
19	205	0.00
19	204	0.00
19	203	0.00
19	202	0.00
19	201	0.00
19	200	0.00
19	199	0.00
19	198	0.00
19	197	0.00
19	196	0.00
19	195	0.00
19	194	0.00
19	193	0.00
19	192	0.00
19	191	0.00
19	190	0.00
19	189	0.00
19	188	0.00
19	187	0.00
19	186	0.00
19	185	0.00
19	184	0.00
19	183	0.00
19	182	0.00
19	181	0.00
19	180	0.00
19	179	0.00
19	178	0.00
19	177	0.00
19	176	0.00
19	175	0.00
19	174	0.00
19	173	0.00
19	172	0.00
19	171	0.00
19	170	0.00
19	169	0.00
19	168	0.00
19	167	0.00
19	166	0.00
19	165	0.00
19	164	0.00
19	163	0.00
19	162	0.00
19	161	0.00
19	160	0.00
19	159	0.00
19	158	0.00
19	157	0.00
19	156	0.00
19	155	0.00
19	154	0.00
19	153	0.00
19	152	0.00
19	151	0.00
19	150	0.00
19	149	0.00
19	148	0.00
19	147	0.00
19	146	0.00
19	145	0.00
19	144	0.00
19	143	0.00
19	142	0.00
19	141	0.00
19	140	0.00
19	139	0.00
19	138	0.00
19	137	0.00
19	136	0.00
19	135	0.00
19	134	0.00
19	133	0.00
19	132	0.00
19	131	0.00
19	130	0.00
19	129	0.00
19	128	0.01
19	127	0.01
19	126	0.01
19	125	0.01
19	124	0.01
19	123	0.01
19	122	0.01
19	121	0.01
19	120	0.01
19	119	0.01
19	118	0.01
19	117	0.01
19	116	0.01
19	115	0.01
19	114	0.01
19	113	0.01
19	112	0.01
19	111	0.01
19	110	0.01
19	109	0.01
19	108	0.01
19	107	0.01
19	106	0.01
19	105	0.01
19	104	0.01
19	103	0.01
19	102	0.01
19	101	0.01
19	100	0.02
19	99	0.02
19	98	0.02
19	97	0.02
19	96	0.02
19	95	0.02
19	94	0.02
19	93	0.02
19	92	0.02
19	91	0.02
19	90	0.02
19	89	0.02
19	88	0.02
19	87	0.02
19	86	0.03
19	85	0.03
19	84	0.03
19	83	0.03
19	82	0.03
19	81	0.03
19	80	0.03
19	79	0.03
19	78	0.03
19	77	0.04
19	76	0.04
19	75	0.04
19	74	0.04
19	73	0.04
19	72	0.04
19	71	0.04
19	70	0.05
19	69	0.05
19	68	0.05
19	67	0.05
19	66	0.05
19	65	0.06
19	64	0.06
19	63	0.06
19	62	0.06
19	61	0.07
19	60	0.07
19	59	0.07
19	58	0.07
19	57	0.08
19	56	0.08
19	55	0.08
19	54	0.09
19	53	0.09
19	52	0.10
19	51	0.10
19	50	0.10
19	49	0.11
19	48	0.11
19	47	0.12
19	46	0.12
19	45	0.13
19	44	0.14
19	43	0.14
19	42	0.15
19	41	0.15
19	40	0.16
19	39	0.17
19	38	0.18
19	37	0.18
19	36	0.19
19	35	0.20
19	34	0.21
19	33	0.22
19	32	0.23
19	31	0.24
19	30	0.25
19	29	0.26
19	28	0.28
19	27	0.29
19	26	0.30
19	25	0.32
19	24	0.33
19	23	0.35
19	22	0.37
19	21	0.38
19	20	0.40
19	19	0.42
19	18	0.44
19	17	0.46
19	16	0.49
19	15	0.51
19	14	0.53
19	13	0.56
19	12	0.59
19	11	0.62
19	10	0.65
19	9	0.68
19	8	0.71
19	7	0.74
19	6	0.77
19	5	0.81
19	4	0.84
19	3	0.88
19	2	0.92
19	1	0.96
19	0	1.00
20	485	0.00
20	484	0.00
20	483	0.00
20	482	0.00
20	481	0.00
20	480	0.00
20	479	0.00
20	478	0.00
20	477	0.00
20	476	0.00
20	475	0.00
20	474	0.00
20	472	0.00
20	471	0.00
20	470	0.00
20	469	0.00
20	468	0.00
20	466	0.00
20	459	0.00
20	457	0.00
20	456	0.00
20	454	0.00
20	450	0.00
20	447	0.00
20	444	0.00
20	443	0.00
20	442	0.00
20	441	0.00
20	439	0.00
20	438	0.00
20	436	0.00
20	435	0.00
20	434	0.00
20	433	0.00
20	431	0.00
20	428	0.00
20	427	0.00
20	422	0.00
20	420	0.00
20	417	0.00
20	415	0.00
20	412	0.00
20	410	0.00
20	409	0.00
20	408	0.00
20	407	0.00
20	406	0.00
20	404	0.00
20	403	0.00
20	402	0.00
20	401	0.00
20	398	0.00
20	396	0.00
20	391	0.00
20	388	0.00
20	387	0.00
20	385	0.00
20	384	0.00
20	379	0.00
20	377	0.00
20	376	0.00
20	375	0.00
20	374	0.00
20	373	0.00
20	372	0.00
20	369	0.00
20	368	0.00
20	364	0.00
20	363	0.00
20	361	0.00
20	360	0.00
20	358	0.00
20	356	0.00
20	352	0.00
20	346	0.00
20	345	0.00
20	343	0.00
20	342	0.00
20	341	0.00
20	340	0.00
20	339	0.00
20	338	0.00
20	333	0.00
20	331	0.00
20	318	0.00
20	317	0.00
20	313	0.00
20	312	0.00
20	305	0.00
20	304	0.00
20	303	0.00
20	300	0.00
20	299	0.00
20	298	0.00
20	297	0.00
20	296	0.00
20	295	0.00
20	294	0.00
20	293	0.00
20	292	0.00
20	291	0.00
20	290	0.00
20	289	0.00
20	288	0.00
20	287	0.00
20	286	0.00
20	285	0.00
20	284	0.00
20	283	0.00
20	282	0.00
20	281	0.00
20	280	0.00
20	279	0.00
20	278	0.00
20	277	0.00
20	276	0.00
20	275	0.00
20	274	0.00
20	273	0.00
20	272	0.00
20	271	0.00
20	270	0.00
20	269	0.00
20	268	0.00
20	267	0.00
20	266	0.00
20	265	0.00
20	264	0.00
20	263	0.00
20	262	0.00
20	261	0.00
20	260	0.00
20	259	0.00
20	258	0.00
20	257	0.00
20	256	0.00
20	255	0.00
20	254	0.00
20	253	0.00
20	252	0.00
20	251	0.00
20	250	0.00
20	249	0.00
20	248	0.00
20	247	0.00
20	246	0.00
20	245	0.00
20	244	0.00
20	243	0.00
20	242	0.00
20	241	0.00
20	240	0.00
20	239	0.00
20	238	0.00
20	237	0.00
20	236	0.00
20	235	0.00
20	234	0.00
20	233	0.00
20	232	0.00
20	231	0.00
20	230	0.00
20	229	0.00
20	228	0.00
20	227	0.00
20	226	0.00
20	225	0.00
20	224	0.00
20	223	0.00
20	222	0.00
20	221	0.00
20	220	0.00
20	219	0.00
20	218	0.00
20	217	0.00
20	216	0.00
20	215	0.00
20	214	0.00
20	213	0.00
20	212	0.00
20	211	0.00
20	210	0.00
20	209	0.00
20	208	0.00
20	207	0.00
20	206	0.00
20	205	0.00
20	204	0.00
20	203	0.00
20	202	0.00
20	201	0.00
20	200	0.00
20	199	0.00
20	198	0.00
20	197	0.00
20	196	0.00
20	195	0.00
20	194	0.00
20	193	0.00
20	192	0.00
20	191	0.00
20	190	0.00
20	189	0.00
20	188	0.00
20	187	0.00
20	186	0.00
20	185	0.00
20	184	0.00
20	183	0.00
20	182	0.00
20	181	0.00
20	180	0.00
20	179	0.00
20	178	0.00
20	177	0.00
20	176	0.00
20	175	0.00
20	174	0.00
20	173	0.00
20	172	0.00
20	171	0.00
20	170	0.00
20	169	0.00
20	168	0.00
20	167	0.00
20	166	0.00
20	165	0.00
20	164	0.00
20	163	0.00
20	162	0.00
20	161	0.00
20	160	0.00
20	159	0.00
20	158	0.00
20	157	0.00
20	156	0.00
20	155	0.00
20	154	0.00
20	153	0.00
20	152	0.00
20	151	0.00
20	150	0.00
20	149	0.00
20	148	0.00
20	147	0.00
20	146	0.00
20	145	0.00
20	144	0.00
20	143	0.00
20	142	0.00
20	141	0.00
20	140	0.00
20	139	0.00
20	138	0.00
20	137	0.00
20	136	0.00
20	135	0.00
20	134	0.00
20	133	0.00
20	132	0.00
20	131	0.00
20	130	0.00
20	129	0.00
20	128	0.00
20	127	0.01
20	126	0.01
20	125	0.01
20	124	0.01
20	123	0.01
20	122	0.01
20	121	0.01
20	120	0.01
20	119	0.01
20	118	0.01
20	117	0.01
20	116	0.01
20	115	0.01
20	114	0.01
20	113	0.01
20	112	0.01
20	111	0.01
20	110	0.01
20	109	0.01
20	108	0.01
20	107	0.01
20	106	0.01
20	105	0.01
20	104	0.02
20	103	0.02
20	102	0.02
20	101	0.02
20	100	0.02
20	99	0.02
20	98	0.02
20	97	0.02
20	96	0.02
20	95	0.02
20	94	0.02
20	93	0.02
20	92	0.02
20	91	0.03
20	90	0.03
20	89	0.03
20	88	0.03
20	87	0.03
20	86	0.03
20	85	0.03
20	84	0.03
20	83	0.04
20	82	0.04
20	81	0.04
20	80	0.04
20	79	0.04
20	78	0.05
20	77	0.05
20	76	0.05
20	75	0.05
20	74	0.05
20	73	0.06
20	72	0.06
20	71	0.06
20	70	0.07
20	69	0.07
20	68	0.07
20	67	0.08
20	66	0.08
20	65	0.08
20	64	0.09
20	63	0.09
20	62	0.09
20	61	0.10
20	60	0.10
20	59	0.11
20	58	0.11
20	57	0.12
20	56	0.12
20	55	0.13
20	54	0.13
20	53	0.14
20	52	0.14
20	51	0.15
20	50	0.16
20	49	0.16
20	48	0.17
20	47	0.18
20	46	0.18
20	45	0.19
20	44	0.20
20	43	0.21
20	42	0.22
20	41	0.22
20	40	0.23
20	39	0.24
20	38	0.25
20	37	0.26
20	36	0.27
20	35	0.29
20	34	0.30
20	33	0.31
20	32	0.32
20	31	0.34
20	30	0.35
20	29	0.37
20	28	0.38
20	27	0.40
20	26	0.41
20	25	0.43
20	24	0.45
20	23	0.47
20	22	0.49
20	21	0.51
20	20	0.53
20	19	0.55
20	18	0.57
20	17	0.60
20	16	0.62
20	15	0.64
20	14	0.67
20	13	0.69
20	12	0.72
20	11	0.74
20	10	0.77
20	9	0.79
20	8	0.81
20	7	0.84
20	6	0.86
20	5	0.89
20	4	0.91
20	3	0.94
20	2	0.96
20	1	0.98
20	0	1.00
21	172	0.00
21	171	0.00
21	170	0.00
21	169	0.00
21	168	0.00
21	167	0.00
21	166	0.00
21	165	0.00
21	164	0.00
21	163	0.00
21	162	0.00
21	161	0.00
21	160	0.00
21	159	0.00
21	158	0.00
21	157	0.00
21	156	0.00
21	155	0.00
21	154	0.00
21	153	0.00
21	152	0.00
21	151	0.00
21	150	0.00
21	149	0.00
21	148	0.00
21	147	0.00
21	146	0.00
21	145	0.00
21	144	0.00
21	143	0.00
21	142	0.00
21	141	0.00
21	140	0.00
21	139	0.00
21	138	0.00
21	137	0.00
21	136	0.00
21	135	0.00
21	134	0.00
21	133	0.00
21	132	0.00
21	131	0.00
21	130	0.00
21	129	0.00
21	128	0.00
21	127	0.00
21	126	0.00
21	125	0.00
21	124	0.00
21	123	0.00
21	122	0.00
21	121	0.00
21	120	0.01
21	119	0.01
21	118	0.01
21	117	0.01
21	116	0.01
21	115	0.01
21	114	0.01
21	113	0.01
21	112	0.01
21	111	0.01
21	110	0.01
21	109	0.01
21	108	0.01
21	107	0.01
21	106	0.01
21	105	0.01
21	104	0.01
21	103	0.02
21	102	0.02
21	101	0.02
21	100	0.02
21	99	0.02
21	98	0.02
21	97	0.02
21	96	0.02
21	95	0.02
21	94	0.03
21	93	0.03
21	92	0.03
21	91	0.03
21	90	0.03
21	89	0.03
21	88	0.04
21	87	0.04
21	86	0.04
21	85	0.04
21	84	0.04
21	83	0.05
21	82	0.05
21	81	0.05
21	80	0.05
21	79	0.05
21	78	0.06
21	77	0.06
21	76	0.06
21	75	0.06
21	74	0.07
21	73	0.07
21	72	0.07
21	71	0.08
21	70	0.08
21	69	0.08
21	68	0.09
21	67	0.09
21	66	0.09
21	65	0.10
21	64	0.10
21	63	0.11
21	62	0.11
21	61	0.11
21	60	0.12
21	59	0.12
21	58	0.13
21	57	0.13
21	56	0.14
21	55	0.15
21	54	0.15
21	53	0.16
21	52	0.17
21	51	0.17
21	50	0.18
21	49	0.19
21	48	0.20
21	47	0.21
21	46	0.22
21	45	0.23
21	44	0.24
21	43	0.25
21	42	0.26
21	41	0.27
21	40	0.28
21	39	0.29
21	38	0.30
21	37	0.32
21	36	0.33
21	35	0.34
21	34	0.36
21	33	0.37
21	32	0.38
21	31	0.40
21	30	0.42
21	29	0.43
21	28	0.45
21	27	0.47
21	26	0.49
21	25	0.51
21	24	0.53
21	23	0.55
21	22	0.57
21	21	0.59
21	20	0.61
21	19	0.63
21	18	0.65
21	17	0.67
21	16	0.69
21	15	0.72
21	14	0.74
21	13	0.76
21	12	0.78
21	11	0.80
21	10	0.82
21	9	0.84
21	8	0.86
21	7	0.88
21	6	0.90
21	5	0.92
21	4	0.94
21	3	0.95
21	2	0.97
21	1	0.98
21	0	1.00
22	472	0.00
22	471	0.00
22	470	0.00
22	469	0.00
22	468	0.00
22	467	0.00
22	466	0.00
22	465	0.00
22	464	0.00
22	463	0.00
22	462	0.00
22	461	0.00
22	460	0.00
22	458	0.00
22	457	0.00
22	456	0.00
22	455	0.00
22	454	0.00
22	453	0.00
22	452	0.00
22	451	0.00
22	450	0.00
22	448	0.00
22	447	0.00
22	446	0.00
22	445	0.00
22	444	0.00
22	443	0.00
22	442	0.00
22	441	0.00
22	440	0.00
22	439	0.00
22	438	0.00
22	437	0.00
22	436	0.00
22	435	0.00
22	434	0.00
22	433	0.00
22	432	0.00
22	431	0.00
22	430	0.00
22	429	0.00
22	428	0.00
22	427	0.00
22	426	0.00
22	425	0.00
22	424	0.00
22	423	0.00
22	422	0.00
22	421	0.00
22	420	0.00
22	419	0.00
22	418	0.00
22	417	0.00
22	416	0.00
22	415	0.00
22	414	0.00
22	412	0.00
22	411	0.00
22	410	0.00
22	409	0.00
22	408	0.00
22	407	0.00
22	406	0.00
22	404	0.00
22	402	0.00
22	401	0.00
22	400	0.00
22	399	0.00
22	398	0.00
22	397	0.00
22	396	0.00
22	395	0.00
22	394	0.00
22	393	0.00
22	392	0.00
22	391	0.00
22	390	0.00
22	389	0.00
22	388	0.00
22	387	0.00
22	386	0.00
22	385	0.00
22	384	0.00
22	383	0.00
22	382	0.00
22	381	0.00
22	380	0.00
22	379	0.00
22	378	0.00
22	377	0.00
22	376	0.00
22	375	0.00
22	374	0.00
22	373	0.00
22	372	0.00
22	371	0.00
22	370	0.00
22	369	0.00
22	368	0.00
22	367	0.00
22	366	0.00
22	365	0.00
22	364	0.00
22	363	0.00
22	362	0.00
22	361	0.00
22	360	0.00
22	359	0.00
22	358	0.00
22	357	0.00
22	356	0.00
22	355	0.00
22	354	0.00
22	353	0.00
22	352	0.00
22	351	0.00
22	350	0.00
22	349	0.00
22	348	0.00
22	347	0.00
22	346	0.00
22	345	0.00
22	344	0.00
22	343	0.00
22	342	0.00
22	341	0.00
22	340	0.00
22	339	0.00
22	338	0.00
22	337	0.00
22	336	0.00
22	335	0.00
22	334	0.00
22	333	0.00
22	332	0.00
22	331	0.00
22	330	0.00
22	329	0.00
22	328	0.00
22	327	0.00
22	326	0.00
22	325	0.00
22	324	0.00
22	323	0.00
22	322	0.00
22	321	0.00
22	320	0.00
22	319	0.00
22	318	0.00
22	317	0.00
22	316	0.00
22	315	0.00
22	314	0.00
22	313	0.00
22	312	0.00
22	311	0.00
22	310	0.00
22	309	0.00
22	308	0.00
22	307	0.00
22	306	0.00
22	305	0.00
22	304	0.00
22	303	0.00
22	302	0.00
22	301	0.00
22	300	0.00
22	299	0.00
22	298	0.00
22	297	0.00
22	296	0.00
22	295	0.00
22	294	0.00
22	293	0.00
22	292	0.00
22	291	0.00
22	290	0.00
22	289	0.00
22	288	0.00
22	287	0.00
22	286	0.00
22	285	0.00
22	284	0.00
22	283	0.00
22	282	0.00
22	281	0.00
22	280	0.00
22	279	0.00
22	278	0.00
22	277	0.00
22	276	0.00
22	275	0.00
22	274	0.00
22	273	0.00
22	272	0.00
22	271	0.00
22	270	0.00
22	269	0.00
22	268	0.00
22	267	0.00
22	266	0.00
22	265	0.00
22	264	0.00
22	263	0.00
22	262	0.00
22	261	0.00
22	260	0.00
22	259	0.00
22	258	0.00
22	257	0.00
22	256	0.00
22	255	0.00
22	254	0.00
22	253	0.00
22	252	0.00
22	251	0.00
22	250	0.00
22	249	0.00
22	248	0.00
22	247	0.00
22	246	0.00
22	245	0.00
22	244	0.00
22	243	0.00
22	242	0.00
22	241	0.00
22	240	0.00
22	239	0.00
22	238	0.00
22	237	0.00
22	236	0.00
22	235	0.00
22	234	0.00
22	233	0.00
22	232	0.00
22	231	0.00
22	230	0.00
22	229	0.00
22	228	0.00
22	227	0.00
22	226	0.00
22	225	0.00
22	224	0.00
22	223	0.00
22	222	0.00
22	221	0.00
22	220	0.00
22	219	0.00
22	218	0.00
22	217	0.00
22	216	0.00
22	215	0.00
22	214	0.00
22	213	0.00
22	212	0.00
22	211	0.00
22	210	0.00
22	209	0.00
22	208	0.00
22	207	0.00
22	206	0.00
22	205	0.00
22	204	0.00
22	203	0.00
22	202	0.01
22	201	0.01
22	200	0.01
22	199	0.01
22	198	0.01
22	197	0.01
22	196	0.01
22	195	0.01
22	194	0.01
22	193	0.01
22	192	0.01
22	191	0.01
22	190	0.01
22	189	0.01
22	188	0.01
22	187	0.01
22	186	0.01
22	185	0.01
22	184	0.01
22	183	0.01
22	182	0.01
22	181	0.01
22	180	0.01
22	179	0.01
22	178	0.01
22	177	0.01
22	176	0.01
22	175	0.01
22	174	0.01
22	173	0.01
22	172	0.01
22	171	0.01
22	170	0.01
22	169	0.01
22	168	0.01
22	167	0.01
22	166	0.01
22	165	0.01
22	164	0.01
22	163	0.01
22	162	0.01
22	161	0.01
22	160	0.01
22	159	0.01
22	158	0.01
22	157	0.01
22	156	0.01
22	155	0.01
22	154	0.01
22	153	0.01
22	152	0.01
22	151	0.01
22	150	0.01
22	149	0.01
22	148	0.01
22	147	0.01
22	146	0.01
22	145	0.01
22	144	0.01
22	143	0.01
22	142	0.01
22	141	0.01
22	140	0.01
22	139	0.01
22	138	0.01
22	137	0.01
22	136	0.01
22	135	0.01
22	134	0.01
22	133	0.01
22	132	0.01
22	131	0.01
22	130	0.01
22	129	0.01
22	128	0.02
22	127	0.02
22	126	0.02
22	125	0.02
22	124	0.02
22	123	0.02
22	122	0.02
22	121	0.02
22	120	0.02
22	119	0.02
22	118	0.02
22	117	0.02
22	116	0.02
22	115	0.02
22	114	0.02
22	113	0.02
22	112	0.02
22	111	0.02
22	110	0.02
22	109	0.02
22	108	0.02
22	107	0.02
22	106	0.02
22	105	0.02
22	104	0.03
22	103	0.03
22	102	0.03
22	101	0.03
22	100	0.03
22	99	0.03
22	98	0.03
22	97	0.03
22	96	0.03
22	95	0.03
22	94	0.03
22	93	0.03
22	92	0.03
22	91	0.03
22	90	0.04
22	89	0.04
22	88	0.04
22	87	0.04
22	86	0.04
22	85	0.04
22	84	0.04
22	83	0.04
22	82	0.04
22	81	0.04
22	80	0.05
22	79	0.05
22	78	0.05
22	77	0.05
22	76	0.05
22	75	0.05
22	74	0.05
22	73	0.06
22	72	0.06
22	71	0.06
22	70	0.06
22	69	0.06
22	68	0.06
22	67	0.07
22	66	0.07
22	65	0.07
22	64	0.07
22	63	0.08
22	62	0.08
22	61	0.08
22	60	0.08
22	59	0.09
22	58	0.09
22	57	0.09
22	56	0.10
22	55	0.10
22	54	0.10
22	53	0.11
22	52	0.11
22	51	0.12
22	50	0.12
22	49	0.13
22	48	0.13
22	47	0.14
22	46	0.14
22	45	0.15
22	44	0.15
22	43	0.16
22	42	0.17
22	41	0.17
22	40	0.18
22	39	0.19
22	38	0.20
22	37	0.20
22	36	0.21
22	35	0.22
22	34	0.23
22	33	0.24
22	32	0.25
22	31	0.27
22	30	0.28
22	29	0.29
22	28	0.30
22	27	0.31
22	26	0.33
22	25	0.34
22	24	0.36
22	23	0.38
22	22	0.39
22	21	0.41
22	20	0.43
22	19	0.45
22	18	0.47
22	17	0.49
22	16	0.51
22	15	0.53
22	14	0.56
22	13	0.58
22	12	0.61
22	11	0.64
22	10	0.67
22	9	0.70
22	8	0.73
22	7	0.76
22	6	0.80
22	5	0.83
22	4	0.87
22	3	0.90
22	2	0.94
22	1	0.97
22	0	1.00
X	195	0.00
X	194	0.00
X	193	0.00
X	192	0.00
X	191	0.00
X	190	0.00
X	189	0.00
X	188	0.00
X	187	0.00
X	186	0.00
X	185	0.00
X	184	0.00
X	183	0.00
X	182	0.00
X	181	0.00
X	180	0.00
X	179	0.00
X	178	0.00
X	177	0.00
X	176	0.00
X	175	0.00
X	174	0.00
X	173	0.00
X	172	0.00
X	171	0.00
X	170	0.00
X	169	0.00
X	168	0.00
X	167	0.00
X	166	0.00
X	165	0.00
X	164	0.00
X	163	0.00
X	162	0.00
X	161	0.00
X	160	0.00
X	159	0.00
X	158	0.00
X	157	0.00
X	156	0.00
X	155	0.00
X	154	0.00
X	153	0.00
X	152	0.00
X	151	0.00
X	150	0.00
X	149	0.00
X	148	0.00
X	147	0.00
X	146	0.00
X	145	0.00
X	144	0.00
X	143	0.00
X	142	0.00
X	141	0.00
X	140	0.00
X	139	0.00
X	138	0.00
X	137	0.00
X	136	0.00
X	135	0.00
X	134	0.00
X	133	0.00
X	132	0.00
X	131	0.00
X	130	0.00
X	129	0.00
X	128	0.00
X	127	0.00
X	126	0.00
X	125	0.00
X	124	0.00
X	123	0.00
X	122	0.00
X	121	0.00
X	120	0.00
X	119	0.00
X	118	0.00
X	117	0.00
X	116	0.00
X	115	0.00
X	114	0.00
X	113	0.00
X	112	0.00
X	111	0.00
X	110	0.00
X	109	0.00
X	108	0.00
X	107	0.00
X	106	0.00
X	105	0.00
X	104	0.00
X	103	0.00
X	102	0.00
X	101	0.00
X	100	0.00
X	99	0.00
X	98	0.00
X	97	0.00
X	96	0.00
X	95	0.00
X	94	0.00
X	93	0.00
X	92	0.00
X	91	0.00
X	90	0.00
X	89	0.00
X	88	0.00
X	87	0.00
X	86	0.00
X	85	0.00
X	84	0.00
X	83	0.00
X	82	0.00
X	81	0.00
X	80	0.01
X	79	0.01
X	78	0.01
X	77	0.01
X	76	0.01
X	75	0.01
X	74	0.01
X	73	0.01
X	72	0.01
X	71	0.01
X	70	0.01
X	69	0.01
X	68	0.01
X	67	0.01
X	66	0.01
X	65	0.02
X	64	0.02
X	63	0.02
X	62	0.02
X	61	0.02
X	60	0.02
X	59	0.03
X	58	0.03
X	57	0.03
X	56	0.03
X	55	0.03
X	54	0.04
X	53	0.04
X	52	0.04
X	51	0.05
X	50	0.05
X	49	0.05
X	48	0.06
X	47	0.06
X	46	0.07
X	45	0.07
X	44	0.08
X	43	0.09
X	42	0.09
X	41	0.10
X	40	0.11
X	39	0.11
X	38	0.12
X	37	0.13
X	36	0.14
X	35	0.15
X	34	0.16
X	33	0.17
X	32	0.18
X	31	0.19
X	30	0.21
X	29	0.22
X	28	0.24
X	27	0.25
X	26	0.27
X	25	0.28
X	24	0.30
X	23	0.32
X	22	0.34
X	21	0.37
X	20	0.39
X	19	0.41
X	18	0.44
X	17	0.47
X	16	0.50
X	15	0.53
X	14	0.56
X	13	0.59
X	12	0.62
X	11	0.66
X	10	0.69
X	9	0.73
X	8	0.76
X	7	0.79
X	6	0.83
X	5	0.86
X	4	0.89
X	3	0.93
X	2	0.95
X	1	0.98
X	0	1.00
Y	56	0.00
Y	55	0.00
Y	54	0.00
Y	53	0.00
Y	52	0.00
Y	51	0.00
Y	50	0.00
Y	49	0.00
Y	48	0.00
Y	47	0.00
Y	46	0.00
Y	45	0.00
Y	44	0.00
Y	43	0.00
Y	42	0.00
Y	41	0.00
Y	40	0.00
Y	39	0.00
Y	38	0.00
Y	37	0.00
Y	36	0.00
Y	35	0.00
Y	34	0.00
Y	33	0.01
Y	32	0.01
Y	31	0.01
Y	30	0.01
Y	29	0.01
Y	28	0.01
Y	27	0.01
Y	26	0.01
Y	25	0.01
Y	24	0.02
Y	23	0.02
Y	22	0.02
Y	21	0.02
Y	20	0.02
Y	19	0.02
Y	18	0.02
Y	17	0.02
Y	16	0.03
Y	15	0.03
Y	14	0.03
Y	13	0.03
Y	12	0.03
Y	11	0.03
Y	10	0.04
Y	9	0.04
Y	8	0.04
Y	7	0.04
Y	6	0.04
Y	5	0.05
Y	4	0.05
Y	3	0.06
Y	2	0.07
Y	1	0.08
Y	0	1.00
total	613	0.00
total	612	0.00
total	611	0.00
total	610	0.00
total	609	0.00
total	608	0.00
total	607	0.00
total	606	0.00
total	605	0.00
total	604	0.00
total	603	0.00
total	602	0.00
total	601	0.00
total	600	0.00
total	599	0.00
total	598	0.00
total	597	0.00
total	596	0.00
total	595	0.00
total	594	0.00
total	593	0.00
total	592	0.00
total	591	0.00
total	590	0.00
total	589	0.00
total	588	0.00
total	587	0.00
total	586	0.00
total	585	0.00
total	584	0.00
total	583	0.00
total	582	0.00
total	581	0.00
total	580	0.00
total	579	0.00
total	578	0.00
total	577	0.00
total	576	0.00
total	575	0.00
total	574	0.00
total	573	0.00
total	572	0.00
total	571	0.00
total	570	0.00
total	569	0.00
total	568	0.00
total	567	0.00
total	566	0.00
total	565	0.00
total	564	0.00
total	563	0.00
total	562	0.00
total	561	0.00
total	560	0.00
total	559	0.00
total	558	0.00
total	557	0.00
total	556	0.00
total	555	0.00
total	554	0.00
total	553	0.00
total	552	0.00
total	551	0.00
total	550	0.00
total	549	0.00
total	548	0.00
total	547	0.00
total	546	0.00
total	545	0.00
total	544	0.00
total	543	0.00
total	542	0.00
total	541	0.00
total	540	0.00
total	539	0.00
total	538	0.00
total	537	0.00
total	536	0.00
total	535	0.00
total	534	0.00
total	533	0.00
total	532	0.00
total	531	0.00
total	530	0.00
total	529	0.00
total	528	0.00
total	527	0.00
total	526	0.00
total	525	0.00
total	524	0.00
total	523	0.00
total	522	0.00
total	521	0.00
total	520	0.00
total	519	0.00
total	518	0.00
total	517	0.00
total	516	0.00
total	515	0.00
total	514	0.00
total	513	0.00
total	512	0.00
total	511	0.00
total	510	0.00
total	509	0.00
total	508	0.00
total	507	0.00
total	506	0.00
total	505	0.00
total	504	0.00
total	503	0.00
total	502	0.00
total	501	0.00
total	500	0.00
total	499	0.00
total	498	0.00
total	497	0.00
total	496	0.00
total	495	0.00
total	494	0.00
total	493	0.00
total	492	0.00
total	491	0.00
total	490	0.00
total	489	0.00
total	488	0.00
total	487	0.00
total	486	0.00
total	485	0.00
total	484	0.00
total	483	0.00
total	482	0.00
total	481	0.00
total	480	0.00
total	479	0.00
total	478	0.00
total	477	0.00
total	476	0.00
total	475	0.00
total	474	0.00
total	473	0.00
total	472	0.00
total	471	0.00
total	470	0.00
total	469	0.00
total	468	0.00
total	467	0.00
total	466	0.00
total	465	0.00
total	464	0.00
total	463	0.00
total	462	0.00
total	461	0.00
total	460	0.00
total	459	0.00
total	458	0.00
total	457	0.00
total	456	0.00
total	455	0.00
total	454	0.00
total	453	0.00
total	452	0.00
total	451	0.00
total	450	0.00
total	449	0.00
total	448	0.00
total	447	0.00
total	446	0.00
total	445	0.00
total	444	0.00
total	443	0.00
total	442	0.00
total	441	0.00
total	440	0.00
total	439	0.00
total	438	0.00
total	437	0.00
total	436	0.00
total	435	0.00
total	434	0.00
total	433	0.00
total	432	0.00
total	431	0.00
total	430	0.00
total	429	0.00
total	428	0.00
total	427	0.00
total	426	0.00
total	425	0.00
total	424	0.00
total	423	0.00
total	422	0.00
total	421	0.00
total	420	0.00
total	419	0.00
total	418	0.00
total	417	0.00
total	416	0.00
total	415	0.00
total	414	0.00
total	413	0.00
total	412	0.00
total	411	0.00
total	410	0.00
total	409	0.00
total	408	0.00
total	407	0.00
total	406	0.00
total	405	0.00
total	404	0.00
total	403	0.00
total	402	0.00
total	401	0.00
total	400	0.00
total	399	0.00
total	398	0.00
total	397	0.00
total	396	0.00
total	395	0.00
total	394	0.00
total	393	0.00
total	392	0.00
total	391	0.00
total	390	0.00
total	389	0.00
total	388	0.00
total	387	0.00
total	386	0.00
total	385	0.00
total	384	0.00
total	383	0.00
total	382	0.00
total	381	0.00
total	380	0.00
total	379	0.00
total	378	0.00
total	377	0.00
total	376	0.00
total	375	0.00
total	374	0.00
total	373	0.00
total	372	0.00
total	371	0.00
total	370	0.00
total	369	0.00
total	368	0.00
total	367	0.00
total	366	0.00
total	365	0.00
total	364	0.00
total	363	0.00
total	362	0.00
total	361	0.00
total	360	0.00
total	359	0.00
total	358	0.00
total	357	0.00
total	356	0.00
total	355	0.00
total	354	0.00
total	353	0.00
total	352	0.00
total	351	0.00
total	350	0.00
total	349	0.00
total	348	0.00
total	347	0.00
total	346	0.00
total	345	0.00
total	344	0.00
total	343	0.00
total	342	0.00
total	341	0.00
total	340	0.00
total	339	0.00
total	338	0.00
total	337	0.00
total	336	0.00
total	335	0.00
total	334	0.00
total	333	0.00
total	332	0.00
total	331	0.00
total	330	0.00
total	329	0.00
total	328	0.00
total	327	0.00
total	326	0.00
total	325	0.00
total	324	0.00
total	323	0.00
total	322	0.00
total	321	0.00
total	320	0.00
total	319	0.00
total	318	0.00
total	317	0.00
total	316	0.00
total	315	0.00
total	314	0.00
total	313	0.00
total	312	0.00
total	311	0.00
total	310	0.00
total	309	0.00
total	308	0.00
total	307	0.00
total	306	0.00
total	305	0.00
total	304	0.00
total	303	0.00
total	302	0.00
total	301	0.00
total	300	0.00
total	299	0.00
total	298	0.00
total	297	0.00
total	296	0.00
total	295	0.00
total	294	0.00
total	293	0.00
total	292	0.00
total	291	0.00
total	290	0.00
total	289	0.00
total	288	0.00
total	287	0.00
total	286	0.00
total	285	0.00
total	284	0.00
total	283	0.00
total	282	0.00
total	281	0.00
total	280	0.00
total	279	0.00
total	278	0.00
total	277	0.00
total	276	0.00
total	275	0.00
total	274	0.00
total	273	0.00
total	272	0.00
total	271	0.00
total	270	0.00
total	269	0.00
total	268	0.00
total	267	0.00
total	266	0.00
total	265	0.00
total	264	0.00
total	263	0.00
total	262	0.00
total	261	0.00
total	260	0.00
total	259	0.00
total	258	0.00
total	257	0.00
total	256	0.00
total	255	0.00
total	254	0.00
total	253	0.00
total	252	0.00
total	251	0.00
total	250	0.00
total	249	0.00
total	248	0.00
total	247	0.00
total	246	0.00
total	245	0.00
total	244	0.00
total	243	0.00
total	242	0.00
total	241	0.00
total	240	0.00
total	239	0.00
total	238	0.00
total	237	0.00
total	236	0.00
total	235	0.00
total	234	0.00
total	233	0.00
total	232	0.00
total	231	0.00
total	230	0.00
total	229	0.00
total	228	0.00
total	227	0.00
total	226	0.00
total	225	0.00
total	224	0.00
total	223	0.00
total	222	0.00
total	221	0.00
total	220	0.00
total	219	0.00
total	218	0.00
total	217	0.00
total	216	0.00
total	215	0.00
total	214	0.00
total	213	0.00
total	212	0.00
total	211	0.00
total	210	0.00
total	209	0.00
total	208	0.00
total	207	0.00
total	206	0.00
total	205	0.00
total	204	0.00
total	203	0.00
total	202	0.00
total	201	0.00
total	200	0.00
total	199	0.00
total	198	0.00
total	197	0.00
total	196	0.00
total	195	0.00
total	194	0.00
total	193	0.00
total	192	0.00
total	191	0.00
total	190	0.00
total	189	0.00
total	188	0.00
total	187	0.00
total	186	0.00
total	185	0.00
total	184	0.00
total	183	0.00
total	182	0.00
total	181	0.00
total	180	0.00
total	179	0.00
total	178	0.00
total	177	0.00
total	176	0.00
total	175	0.00
total	174	0.00
total	173	0.00
total	172	0.00
total	171	0.00
total	170	0.00
total	169	0.00
total	168	0.00
total	167	0.00
total	166	0.00
total	165	0.00
total	164	0.00
total	163	0.00
total	162	0.00
total	161	0.00
total	160	0.00
total	159	0.00
total	158	0.00
total	157	0.00
total	156	0.00
total	155	0.00
total	154	0.00
total	153	0.00
total	152	0.01
total	151	0.01
total	150	0.01
total	149	0.01
total	148	0.01
total	147	0.01
total	146	0.01
total	145	0.01
total	144	0.01
total	143	0.01
total	142	0.01
total	141	0.01
total	140	0.01
total	139	0.01
total	138	0.01
total	137	0.01
total	136	0.01
total	135	0.01
total	134	0.01
total	133	0.01
total	132	0.01
total	131	0.01
total	130	0.01
total	129	0.01
total	128	0.01
total	127	0.01
total	126	0.01
total	125	0.01
total	124	0.01
total	123	0.01
total	122	0.01
total	121	0.01
total	120	0.01
total	119	0.01
total	118	0.02
total	117	0.02
total	116	0.02
total	115	0.02
total	114	0.02
total	113	0.02
total	112	0.02
total	111	0.02
total	110	0.02
total	109	0.02
total	108	0.02
total	107	0.02
total	106	0.02
total	105	0.02
total	104	0.03
total	103	0.03
total	102	0.03
total	101	0.03
total	100	0.03
total	99	0.03
total	98	0.03
total	97	0.03
total	96	0.03
total	95	0.04
total	94	0.04
total	93	0.04
total	92	0.04
total	91	0.04
total	90	0.04
total	89	0.04
total	88	0.05
total	87	0.05
total	86	0.05
total	85	0.05
total	84	0.05
total	83	0.06
total	82	0.06
total	81	0.06
total	80	0.06
total	79	0.06
total	78	0.07
total	77	0.07
total	76	0.07
total	75	0.07
total	74	0.08
total	73	0.08
total	72	0.08
total	71	0.09
total	70	0.09
total	69	0.09
total	68	0.10
total	67	0.10
total	66	0.10
total	65	0.11
total	64	0.11
total	63	0.12
total	62	0.12
total	61	0.13
total	60	0.13
total	59	0.14
total	58	0.14
total	57	0.15
total	56	0.15
total	55	0.16
total	54	0.16
total	53	0.17
total	52	0.18
total	51	0.18
total	50	0.19
total	49	0.20
total	48	0.20
total	47	0.21
total	46	0.22
total	45	0.23
total	44	0.24
total	43	0.25
total	42	0.26
total	41	0.27
total	40	0.28
total	39	0.29
total	38	0.30
total	37	0.31
total	36	0.32
total	35	0.33
total	34	0.35
total	33	0.36
total	32	0.37
total	31	0.39
total	30	0.40
total	29	0.42
total	28	0.43
total	27	0.45
total	26	0.46
total	25	0.48
total	24	0.50
total	23	0.52
total	22	0.53
total	21	0.55
total	20	0.57
total	19	0.59
total	18	0.61
total	17	0.63
total	16	0.66
total	15	0.68
total	14	0.70
total	13	0.72
total	12	0.74
total	11	0.77
total	10	0.79
total	9	0.81
total	8	0.83
total	7	0.86
total	6	0.88
total	5	0.90
total	4	0.92
total	3	0.94
total	2	0.96
total	1	0.98
total	0	1.00
