Sample	2.0	3.0	4.0	5.0	6.0	7.0	8.0	9.0	10.0	11.0	12.0	13.0	14.0	15.0	16.0	17.0	18.0	19.0	20.0	21.0	22.0	23.0	24.0	25.0	26.0	27.0	28.0	29.0	30.0	31.0	32.0	33.0	34.0	35.0
001-F0_S3_L001_R1_001	63613.0	0.0	0.0	0.0	0.0	0.0	0.0	0.0	0.0	0.0	0.0	0.0	0.0	0.0	6.0	31.0	232.0	1288.0	4822.0	11628.0	20794.0	34065.0	55503.0	89701.0	138738.0	202587.0	281167.0	373526.0	482447.0	631617.0	857522.0	1333719.0	3073538.0	14579908.0
001-F0_S3_L001_R2_001	72423.0	168.0	2624.0	4108.0	1685.0	741.0	267.0	229.0	185.0	117.0	191.0	277.0	2318.0	7718.0	10435.0	12035.0	14688.0	19375.0	26420.0	38383.0	55251.0	79542.0	113531.0	159882.0	217480.0	284894.0	364646.0	456167.0	568752.0	726872.0	981744.0	1501175.0	3268665.0	13243464.0
001-F0_S3_L002_R1_001	61149.0	0.0	0.0	0.0	0.0	0.0	0.0	0.0	0.0	0.0	0.0	0.0	0.0	0.0	5.0	16.0	181.0	1181.0	4542.0	10935.0	19310.0	31400.0	50824.0	82057.0	126801.0	185641.0	258833.0	344978.0	447932.0	583414.0	795137.0	1235983.0	2843347.0	14187101.0
001-F0_S3_L002_R2_001	68090.0	71.0	1296.0	3565.0	1365.0	808.0	593.0	151.0	185.0	156.0	219.0	258.0	2007.0	6799.0	11194.0	16311.0	23177.0	31085.0	39047.0	49458.0	64787.0	87158.0	119546.0	162933.0	218020.0	281625.0	354892.0	442692.0	550180.0	700007.0	940367.0	1432411.0	3078961.0	12581353.0
001-F0_S3_L003_R1_001	63735.0	0.0	0.0	0.0	0.0	0.0	0.0	0.0	0.0	0.0	0.0	0.0	0.0	0.0	4.0	17.0	175.0	1253.0	4716.0	11637.0	20260.0	33341.0	54294.0	88431.0	137055.0	202467.0	283032.0	377626.0	488695.0	639636.0	872914.0	1364110.0	3162096.0	14625199.0
001-F0_S3_L003_R2_001	64688.0	77.0	568.0	261.0	102.0	117.0	39.0	14.0	26.0	44.0	56.0	83.0	1882.0	6819.0	9147.0	10836.0	13396.0	17591.0	24333.0	35688.0	51873.0	74871.0	107991.0	153120.0	208944.0	278422.0	356398.0	450304.0	565598.0	722893.0	975027.0	1492847.0	3232689.0	13573949.0
001-F0_S3_L004_R1_001	60222.0	0.0	0.0	0.0	0.0	0.0	0.0	0.0	0.0	0.0	0.0	0.0	0.0	0.0	1.0	19.0	175.0	1133.0	4529.0	10782.0	19329.0	31194.0	50630.0	80794.0	125674.0	184540.0	257659.0	343274.0	446173.0	583750.0	797059.0	1241715.0	2879250.0	13992378.0
001-F0_S3_L004_R2_001	60323.0	75.0	251.0	116.0	81.0	71.0	20.0	21.0	40.0	55.0	75.0	90.0	2039.0	7150.0	10838.0	13539.0	18124.0	23150.0	30038.0	40414.0	56826.0	79031.0	110459.0	153202.0	207165.0	270546.0	344902.0	433347.0	541570.0	694219.0	936856.0	1432252.0	3085334.0	12558061.0
001-F5_S2_L001_R1_001	44047.0	0.0	0.0	0.0	0.0	0.0	0.0	0.0	0.0	0.0	0.0	0.0	0.0	0.0	1.0	17.0	134.0	758.0	2876.0	7439.0	14784.0	26778.0	45886.0	78481.0	123080.0	180853.0	250342.0	332464.0	429281.0	555012.0	748042.0	1152314.0	2632555.0	13651710.0
001-F5_S2_L001_R2_001	52370.0	168.0	2324.0	3644.0	1442.0	751.0	306.0	219.0	144.0	116.0	180.0	239.0	2057.0	6524.0	8729.0	10346.0	12638.0	15927.0	21639.0	30688.0	45170.0	66377.0	98612.0	140456.0	191722.0	252455.0	322702.0	404391.0	503470.0	641085.0	861314.0	1319386.0	2886915.0	12372348.0
001-F5_S2_L002_R1_001	42044.0	0.0	0.0	0.0	0.0	0.0	0.0	0.0	0.0	0.0	0.0	0.0	0.0	0.0	1.0	23.0	99.0	649.0	2463.0	6699.0	13358.0	24036.0	41764.0	71093.0	111641.0	164859.0	230157.0	307099.0	396157.0	513577.0	696736.0	1071930.0	2450739.0	13234693.0
001-F5_S2_L002_R2_001	48758.0	68.0	1196.0	3341.0	1191.0	753.0	588.0	138.0	183.0	179.0	182.0	238.0	1679.0	5729.0	9639.0	14217.0	20865.0	27542.0	33862.0	41471.0	54132.0	74141.0	102727.0	142246.0	190718.0	246818.0	313097.0	389862.0	484711.0	614858.0	824201.0	1257152.0	2727241.0	11746094.0
001-F5_S2_L003_R1_001	42888.0	0.0	0.0	0.0	0.0	0.0	0.0	0.0	0.0	0.0	0.0	0.0	0.0	0.0	3.0	13.0	110.0	626.0	2645.0	6859.0	14269.0	25665.0	44703.0	76821.0	121709.0	180802.0	252325.0	335609.0	435111.0	564613.0	761563.0	1177586.0	2713757.0	13718736.0
001-F5_S2_L003_R2_001	43937.0	77.0	492.0	224.0	80.0	83.0	37.0	22.0	26.0	36.0	74.0	78.0	1505.0	5634.0	7865.0	9185.0	11511.0	14274.0	19757.0	28543.0	41756.0	62032.0	93121.0	134058.0	185034.0	246294.0	316817.0	399096.0	498984.0	638344.0	855569.0	1306827.0	2857273.0	12697768.0
001-F5_S2_L004_R1_001	39876.0	0.0	0.0	0.0	0.0	0.0	0.0	0.0	0.0	0.0	0.0	0.0	0.0	0.0	2.0	10.0	118.0	664.0	2593.0	6568.0	13371.0	23806.0	41155.0	69578.0	109627.0	164172.0	227707.0	304841.0	395692.0	513563.0	693950.0	1068995.0	2465658.0	13030402.0
001-F5_S2_L004_R2_001	40369.0	65.0	217.0	109.0	57.0	80.0	27.0	16.0	24.0	51.0	62.0	86.0	1783.0	6108.0	9115.0	11927.0	15421.0	19448.0	24848.0	33328.0	45991.0	65796.0	94591.0	132662.0	181454.0	237607.0	304592.0	379558.0	475729.0	607675.0	816428.0	1250505.0	2712820.0	11703799.0
004-F0_S5_L001_R1_001	27764.0	0.0	0.0	0.0	0.0	0.0	0.0	0.0	0.0	0.0	0.0	0.0	0.0	0.0	1.0	9.0	95.0	584.0	2662.0	7333.0	14024.0	22994.0	36910.0	59257.0	92452.0	136648.0	194223.0	264839.0	351723.0	463013.0	635562.0	986389.0	2239012.0	10200589.0
004-F0_S5_L001_R2_001	37389.0	227.0	4721.0	4235.0	1722.0	877.0	309.0	176.0	225.0	195.0	179.0	163.0	1541.0	4316.0	6885.0	9306.0	12664.0	16720.0	22934.0	32279.0	45181.0	63472.0	87788.0	120640.0	161297.0	211092.0	267833.0	335807.0	423133.0	542039.0	731393.0	1117444.0	2410975.0	9060926.0
004-F0_S5_L002_R1_001	26680.0	0.0	0.0	0.0	0.0	0.0	0.0	0.0	0.0	0.0	0.0	0.0	0.0	0.0	0.0	4.0	80.0	611.0	2495.0	7074.0	13733.0	22434.0	35971.0	57743.0	90341.0	135076.0	193308.0	263847.0	348301.0	460661.0	636430.0	987523.0	2239405.0	10009034.0
004-F0_S5_L002_R2_001	38631.0	750.0	6700.0	2442.0	859.0	401.0	238.0	187.0	163.0	135.0	168.0	187.0	1713.0	4418.0	7102.0	10612.0	15485.0	20968.0	27542.0	37447.0	50798.0	69393.0	94303.0	127086.0	167806.0	217430.0	275649.0	344778.0	432732.0	552083.0	746652.0	1138286.0	2411391.0	8726216.0
004-F0_S5_L003_R1_001	26214.0	0.0	0.0	0.0	0.0	0.0	0.0	0.0	0.0	0.0	0.0	0.0	0.0	0.0	3.0	5.0	73.0	619.0	2533.0	7077.0	13637.0	22812.0	36750.0	59190.0	92902.0	139672.0	199186.0	272807.0	362880.0	479479.0	660568.0	1026323.0	2335426.0	10050495.0
004-F0_S5_L003_R2_001	28230.0	125.0	826.0	517.0	249.0	134.0	49.0	49.0	45.0	40.0	87.0	91.0	1213.0	3790.0	6040.0	8765.0	11831.0	16404.0	22675.0	31822.0	44835.0	63134.0	88169.0	121461.0	163074.0	213463.0	273566.0	343898.0	434651.0	557983.0	758362.0	1158295.0	2482027.0	8952751.0
004-F0_S5_L004_R1_001	25691.0	0.0	0.0	0.0	0.0	0.0	0.0	0.0	0.0	0.0	0.0	0.0	0.0	0.0	0.0	11.0	62.0	595.0	2574.0	7086.0	13441.0	22487.0	36293.0	57877.0	90914.0	136111.0	194634.0	265399.0	353550.0	466694.0	641248.0	1003335.0	2300444.0	10053460.0
004-F0_S5_L004_R2_001	27467.0	82.0	795.0	420.0	201.0	99.0	57.0	52.0	65.0	71.0	76.0	84.0	1690.0	4494.0	7753.0	11477.0	16403.0	22117.0	29519.0	39348.0	53835.0	72501.0	98409.0	131301.0	174508.0	225802.0	284228.0	356530.0	446639.0	574475.0	779841.0	1195680.0	2541995.0	8573892.0
004-F5_S4_L001_R1_001	28433.0	0.0	0.0	0.0	0.0	0.0	0.0	0.0	0.0	0.0	0.0	0.0	0.0	0.0	0.0	5.0	64.0	602.0	2563.0	6954.0	13265.0	22160.0	36667.0	58800.0	92228.0	137951.0	197056.0	269615.0	357042.0	472439.0	648359.0	1010250.0	2298015.0	10135806.0
004-F5_S4_L001_R2_001	38108.0	279.0	4575.0	4156.0	1603.0	845.0	322.0	201.0	238.0	178.0	230.0	186.0	1349.0	3589.0	5753.0	8071.0	10922.0	15363.0	21616.0	30599.0	42821.0	60128.0	84532.0	116332.0	156081.0	205865.0	264342.0	334074.0	422516.0	545794.0	748874.0	1154797.0	2506179.0	8997756.0
004-F5_S4_L002_R1_001	27416.0	0.0	0.0	0.0	0.0	0.0	0.0	0.0	0.0	0.0	0.0	0.0	0.0	0.0	1.0	5.0	82.0	589.0	2553.0	6836.0	13466.0	22057.0	35485.0	57800.0	90388.0	135706.0	194185.0	266816.0	354271.0	469355.0	647097.0	1006896.0	2286288.0	9934033.0
004-F5_S4_L002_R2_001	39567.0	715.0	6609.0	2324.0	847.0	407.0	216.0	166.0	166.0	133.0	188.0	176.0	1504.0	3890.0	6058.0	9002.0	12820.0	18134.0	24588.0	34675.0	47410.0	65199.0	89158.0	121461.0	161591.0	210905.0	268842.0	338762.0	429226.0	553602.0	754436.0	1160623.0	2482529.0	8705396.0
004-F5_S4_L003_R1_001	27302.0	0.0	0.0	0.0	0.0	0.0	0.0	0.0	0.0	0.0	0.0	0.0	0.0	0.0	0.0	3.0	74.0	578.0	2543.0	6912.0	13627.0	22852.0	37104.0	59760.0	94646.0	141772.0	202920.0	277714.0	369683.0	490499.0	677335.0	1055885.0	2396442.0	9967277.0
004-F5_S4_L003_R2_001	29507.0	115.0	830.0	563.0	235.0	133.0	41.0	61.0	37.0	58.0	74.0	86.0	1062.0	3348.0	5431.0	7574.0	10832.0	14630.0	20887.0	30384.0	43301.0	61597.0	86037.0	118660.0	160142.0	210952.0	270414.0	344833.0	439599.0	568989.0	780169.0	1202708.0	2578395.0	8853244.0
004-F5_S4_L004_R1_001	27044.0	0.0	0.0	0.0	0.0	0.0	0.0	0.0	0.0	0.0	0.0	0.0	0.0	0.0	0.0	7.0	74.0	603.0	2545.0	6850.0	13135.0	21904.0	36265.0	58747.0	92779.0	138453.0	198235.0	270328.0	356895.0	475881.0	655078.0	1023795.0	2346337.0	9973408.0
004-F5_S4_L004_R2_001	29097.0	94.0	825.0	366.0	225.0	121.0	58.0	41.0	71.0	55.0	82.0	115.0	1428.0	4067.0	6626.0	9907.0	14460.0	19602.0	26581.0	36693.0	50641.0	69174.0	94923.0	127345.0	169757.0	220172.0	279853.0	352352.0	446865.0	577971.0	792316.0	1224271.0	2611683.0	8530526.0
004-primary_S1_L001_R1_001	43981.0	0.0	0.0	0.0	0.0	0.0	0.0	0.0	0.0	0.0	0.0	0.0	0.0	0.0	3.0	5.0	54.0	410.0	1941.0	6001.0	14532.0	29032.0	53270.0	94465.0	153383.0	235214.0	338980.0	465376.0	619390.0	816696.0	1123558.0	1752865.0	4053554.0	18250880.0
004-primary_S1_L001_R2_001	61395.0	435.0	8424.0	7467.0	2960.0	1537.0	563.0	352.0	401.0	322.0	387.0	306.0	2319.0	5759.0	9479.0	13449.0	18560.0	24886.0	34433.0	48177.0	68801.0	97956.0	140942.0	198480.0	269210.0	355283.0	456901.0	576609.0	728047.0	933431.0	1267717.0	1948231.0	4269781.0	16500590.0
004-primary_S1_L002_R1_001	43000.0	0.0	0.0	0.0	0.0	0.0	0.0	0.0	0.0	0.0	0.0	0.0	0.0	0.0	1.0	3.0	55.0	402.0	1937.0	6132.0	14400.0	29063.0	53332.0	92933.0	152713.0	231683.0	335852.0	462392.0	615577.0	813225.0	1122922.0	1754340.0	4044369.0	17929578.0
004-primary_S1_L002_R2_001	65200.0	1345.0	11913.0	4318.0	1501.0	721.0	439.0	283.0	284.0	256.0	291.0	328.0	2452.0	6315.0	10274.0	16158.0	23731.0	32502.0	43163.0	58746.0	79861.0	111004.0	154599.0	211206.0	283843.0	369554.0	471163.0	594017.0	747338.0	957057.0	1295291.0	1985398.0	4286799.0	15876559.0
004-primary_S1_L003_R1_001	42739.0	0.0	0.0	0.0	0.0	0.0	0.0	0.0	0.0	0.0	0.0	0.0	0.0	0.0	0.0	8.0	53.0	366.0	1941.0	6063.0	14575.0	28983.0	54384.0	96628.0	156873.0	240928.0	348870.0	480706.0	639911.0	846260.0	1172342.0	1837414.0	4242572.0	17944703.0
004-primary_S1_L003_R2_001	46560.0	177.0	1434.0	903.0	421.0	236.0	81.0	95.0	73.0	91.0	127.0	171.0	1849.0	5673.0	8941.0	12817.0	17521.0	24301.0	33644.0	48298.0	69023.0	99334.0	142404.0	199362.0	274512.0	361065.0	467035.0	590995.0	750726.0	966913.0	1315226.0	2028842.0	4408736.0	16278733.0
004-primary_S1_L004_R1_001	41566.0	0.0	0.0	0.0	0.0	0.0	0.0	0.0	0.0	0.0	0.0	0.0	0.0	1.0	2.0	7.0	68.0	390.0	1829.0	6068.0	14250.0	28813.0	54222.0	93948.0	153710.0	234688.0	340232.0	468827.0	622809.0	823229.0	1138473.0	1785533.0	4153729.0	17990172.0
004-primary_S1_L004_R2_001	45375.0	146.0	1442.0	657.0	404.0	186.0	116.0	81.0	100.0	120.0	151.0	179.0	2631.0	6831.0	11289.0	17742.0	25716.0	34817.0	46818.0	62648.0	84676.0	117030.0	161450.0	220014.0	295029.0	382976.0	489034.0	615094.0	774078.0	997487.0	1356879.0	2090907.0	4517822.0	15592641.0
005-F0_S3_L001_R1_001	38241.0	0.0	0.0	0.0	0.0	0.0	0.0	0.0	0.0	0.0	0.0	0.0	0.0	0.0	0.0	10.0	54.0	516.0	2137.0	6342.0	13369.0	23216.0	40979.0	70226.0	112755.0	173195.0	250081.0	344071.0	456635.0	605269.0	830518.0	1291854.0	2978646.0	14069555.0
005-F0_S3_L001_R2_001	51608.0	295.0	6294.0	5738.0	2312.0	1163.0	391.0	294.0	302.0	233.0	299.0	217.0	1263.0	3632.0	6022.0	8577.0	11869.0	15998.0	21994.0	31639.0	45984.0	66236.0	95782.0	135891.0	187427.0	248595.0	325192.0	412839.0	525742.0	678297.0	929173.0	1441578.0	3221899.0	12822894.0
005-F0_S3_L002_R1_001	36801.0	0.0	0.0	0.0	0.0	0.0	0.0	0.0	0.0	0.0	0.0	0.0	0.0	0.0	3.0	2.0	64.0	471.0	2220.0	6266.0	12962.0	23091.0	40233.0	69008.0	111002.0	170356.0	247311.0	339522.0	453530.0	600702.0	829460.0	1289749.0	2970362.0	13792327.0
005-F0_S3_L002_R2_001	53490.0	986.0	9101.0	3371.0	1146.0	531.0	316.0	218.0	233.0	186.0	235.0	251.0	1381.0	3675.0	6200.0	9446.0	13353.0	18918.0	25967.0	35900.0	50295.0	71301.0	101405.0	140495.0	192416.0	255241.0	328524.0	418032.0	529088.0	685494.0	933985.0	1443802.0	3194608.0	12465852.0
005-F0_S3_L003_R1_001	37655.0	0.0	0.0	0.0	0.0	0.0	0.0	0.0	0.0	0.0	0.0	0.0	0.0	0.0	1.0	7.0	65.0	459.0	2103.0	6166.0	13016.0	23244.0	41327.0	71097.0	115761.0	178255.0	256974.0	353593.0	471629.0	626418.0	864393.0	1347473.0	3110393.0	13951711.0
005-F0_S3_L003_R2_001	40678.0	137.0	1088.0	739.0	329.0	191.0	80.0	68.0	79.0	66.0	98.0	126.0	1092.0	3494.0	5823.0	8410.0	11293.0	15773.0	22461.0	31443.0	45585.0	65993.0	96703.0	137131.0	190173.0	253905.0	331291.0	425265.0	542502.0	701438.0	964140.0	1498711.0	3336203.0	12739232.0
005-F0_S3_L004_R1_001	36431.0	0.0	0.0	0.0	0.0	0.0	0.0	0.0	0.0	0.0	0.0	0.0	0.0	0.0	0.0	7.0	71.0	475.0	2224.0	6125.0	12710.0	23296.0	40360.0	69554.0	113179.0	172234.0	249993.0	344429.0	458940.0	608983.0	840824.0	1315480.0	3053330.0	13880352.0
005-F0_S3_L004_R2_001	39177.0	109.0	1046.0	511.0	325.0	136.0	93.0	61.0	79.0	105.0	93.0	137.0	1491.0	4313.0	7407.0	11051.0	16204.0	21479.0	28767.0	39274.0	54054.0	75475.0	105307.0	147060.0	199702.0	264329.0	339776.0	431843.0	549608.0	714177.0	977014.0	1524110.0	3388599.0	12286085.0
005-F5_S2_L001_R1_001	26591.0	0.0	0.0	0.0	0.0	0.0	0.0	0.0	0.0	0.0	0.0	0.0	0.0	0.0	1.0	6.0	69.0	580.0	2479.0	6851.0	13774.0	23611.0	39438.0	65515.0	103354.0	155309.0	222227.0	304104.0	402766.0	534822.0	738077.0	1158528.0	2679696.0	11691189.0
005-F5_S2_L001_R2_001	37995.0	310.0	5349.0	4708.0	1941.0	972.0	361.0	230.0	262.0	223.0	243.0	214.0	1225.0	3462.0	5687.0	8247.0	11409.0	15274.0	21851.0	31433.0	44637.0	64277.0	91031.0	127450.0	173009.0	227474.0	293305.0	371849.0	470904.0	610758.0	834270.0	1293016.0	2851893.0	10563718.0
005-F5_S2_L002_R1_001	26194.0	0.0	0.0	0.0	0.0	0.0	0.0	0.0	0.0	0.0	0.0	0.0	0.0	0.0	2.0	10.0	67.0	589.0	2495.0	6661.0	13340.0	23704.0	39454.0	64930.0	102153.0	153400.0	219571.0	302127.0	401338.0	532428.0	737425.0	1157421.0	2670307.0	11508346.0
005-F5_S2_L002_R2_001	40553.0	900.0	7701.0	2745.0	964.0	468.0	247.0	206.0	186.0	148.0	211.0	203.0	1319.0	3470.0	6053.0	9299.0	13877.0	19587.0	26844.0	36737.0	51350.0	71485.0	99643.0	136264.0	182251.0	237936.0	303465.0	383184.0	484462.0	626545.0	853524.0	1318837.0	2861787.0	10179511.0
005-F5_S2_L003_R1_001	26200.0	0.0	0.0	0.0	0.0	0.0	0.0	0.0	0.0	0.0	0.0	0.0	0.0	0.0	0.0	6.0	83.0	539.0	2499.0	6733.0	13846.0	23944.0	40490.0	66686.0	106480.0	159592.0	227864.0	313968.0	418926.0	555158.0	769520.0	1213590.0	2801705.0	11525596.0
005-F5_S2_L003_R2_001	28897.0	115.0	921.0	624.0	265.0	139.0	59.0	67.0	49.0	55.0	90.0	126.0	1060.0	3145.0	5398.0	7932.0	11076.0	15201.0	21213.0	31064.0	45020.0	64379.0	91967.0	129042.0	176114.0	231901.0	301371.0	380569.0	487543.0	633229.0	867752.0	1346601.0	2943034.0	10447407.0
005-F5_S2_L004_R1_001	25801.0	0.0	0.0	0.0	0.0	0.0	0.0	0.0	0.0	0.0	0.0	0.0	0.0	0.0	0.0	5.0	91.0	552.0	2463.0	6676.0	13586.0	23365.0	39631.0	65609.0	103356.0	155527.0	222860.0	306454.0	406461.0	539984.0	748966.0	1179773.0	2752130.0	11553257.0
005-F5_S2_L004_R2_001	28151.0	101.0	943.0	426.0	252.0	135.0	64.0	59.0	61.0	89.0	98.0	116.0	1462.0	3909.0	6871.0	10759.0	15515.0	21252.0	28996.0	39645.0	54457.0	74696.0	104208.0	141944.0	189908.0	246743.0	315043.0	395910.0	502949.0	651785.0	896346.0	1389759.0	3021870.0	10002025.0
005-primary_S6_L001_R1_001	66836.0	0.0	0.0	0.0	0.0	0.0	0.0	0.0	0.0	0.0	0.0	0.0	0.0	1.0	3.0	8.0	66.0	442.0	1997.0	6961.0	15969.0	32123.0	58604.0	103173.0	167979.0	256258.0	370224.0	509057.0	678083.0	895743.0	1228896.0	1916781.0	4415102.0	20272032.0
005-primary_S6_L001_R2_001	85890.0	530.0	9181.0	8360.0	3297.0	1638.0	593.0	408.0	464.0	409.0	416.0	327.0	2672.0	7197.0	11618.0	16194.0	21472.0	28275.0	38223.0	53255.0	73873.0	105970.0	149441.0	209875.0	286707.0	379549.0	489962.0	622262.0	789716.0	1022240.0	1396080.0	2162138.0	4792434.0	18225672.0
005-primary_S6_L002_R1_001	64680.0	0.0	0.0	0.0	0.0	0.0	0.0	0.0	0.0	0.0	0.0	0.0	0.0	0.0	0.0	3.0	59.0	447.0	2127.0	6859.0	16357.0	32448.0	58156.0	101302.0	165718.0	253774.0	368006.0	505081.0	675118.0	891395.0	1224920.0	1912461.0	4397022.0	19884725.0
005-primary_S6_L002_R2_001	88437.0	1565.0	13225.0	4791.0	1694.0	819.0	463.0	340.0	293.0	273.0	344.0	405.0	2894.0	7239.0	12303.0	18549.0	26631.0	35912.0	47327.0	63647.0	86060.0	117919.0	163320.0	224071.0	301682.0	394413.0	506419.0	640203.0	808885.0	1043153.0	1422219.0	2195062.0	4791519.0	17538582.0
005-primary_S6_L003_R1_001	65524.0	0.0	0.0	0.0	0.0	0.0	0.0	0.0	0.0	0.0	0.0	0.0	0.0	0.0	1.0	11.0	62.0	424.0	2127.0	6879.0	16324.0	32537.0	60062.0	105046.0	172240.0	263770.0	381984.0	525939.0	700603.0	929063.0	1280419.0	2004505.0	4617214.0	20028737.0
005-primary_S6_L003_R2_001	69749.0	214.0	1642.0	1046.0	480.0	281.0	84.0	89.0	103.0	117.0	151.0	186.0	2325.0	7027.0	10952.0	15190.0	20578.0	27612.0	38142.0	52907.0	74644.0	107018.0	151812.0	213475.0	292520.0	386300.0	501899.0	640435.0	815676.0	1059106.0	1451638.0	2252014.0	4954634.0	18043425.0
005-primary_S6_L004_R1_001	64666.0	0.0	0.0	0.0	0.0	0.0	0.0	0.0	0.0	0.0	0.0	0.0	0.0	0.0	1.0	11.0	76.0	426.0	2098.0	6944.0	16422.0	32049.0	58425.0	102800.0	168423.0	257050.0	372249.0	512461.0	683231.0	903820.0	1245138.0	1946935.0	4525482.0	20000166.0
005-primary_S6_L004_R2_001	68514.0	179.0	1615.0	732.0	445.0	233.0	149.0	90.0	124.0	134.0	158.0	182.0	3197.0	8171.0	13664.0	20377.0	28983.0	38416.0	50995.0	67490.0	91889.0	124592.0	171817.0	235174.0	313478.0	411382.0	524898.0	664147.0	841640.0	1089368.0	1491846.0	2319052.0	5070098.0	17245644.0
006-F0_S6_L001_R1_001	42661.0	0.0	0.0	0.0	0.0	0.0	0.0	0.0	0.0	0.0	0.0	0.0	0.0	1.0	2.0	27.0	209.0	1185.0	4651.0	10997.0	20510.0	34703.0	58451.0	95581.0	146792.0	215308.0	299049.0	398192.0	515446.0	673889.0	923385.0	1454511.0	3361295.0	15104194.0
006-F0_S6_L001_R2_001	52339.0	172.0	2799.0	4178.0	1745.0	850.0	290.0	262.0	196.0	123.0	175.0	268.0	2270.0	7479.0	10602.0	12477.0	15072.0	19556.0	27498.0	40206.0	59495.0	86826.0	126399.0	177833.0	243070.0	317428.0	406697.0	510782.0	641018.0	824818.0	1119074.0	1723874.0	3668830.0	13256338.0
006-F0_S6_L002_R1_001	40992.0	0.0	0.0	0.0	0.0	0.0	0.0	0.0	0.0	0.0	0.0	0.0	0.0	0.0	1.0	15.0	163.0	1144.0	4261.0	10130.0	18976.0	31867.0	53112.0	87551.0	135064.0	197965.0	274984.0	367985.0	478516.0	625759.0	859452.0	1347989.0	3122534.0	14683557.0
006-F0_S6_L002_R2_001	48737.0	114.0	1353.0	3757.0	1295.0	890.0	621.0	154.0	220.0	172.0	226.0	248.0	1954.0	6815.0	10869.0	16087.0	23477.0	31674.0	40780.0	52324.0	69539.0	94807.0	132006.0	181544.0	241637.0	312132.0	393943.0	492591.0	617070.0	787724.0	1066689.0	1633611.0	3440989.0	12635968.0
006-F0_S6_L003_R1_001	42802.0	0.0	0.0	0.0	0.0	0.0	0.0	0.0	0.0	0.0	0.0	0.0	0.0	0.0	5.0	19.0	169.0	1111.0	4481.0	10771.0	20252.0	34650.0	57649.0	94407.0	146589.0	216520.0	300321.0	402004.0	524393.0	687215.0	944119.0	1491038.0	3464381.0	15111562.0
006-F0_S6_L003_R2_001	43963.0	84.0	570.0	270.0	86.0	111.0	39.0	15.0	18.0	44.0	81.0	69.0	1826.0	6621.0	9371.0	11017.0	13599.0	17770.0	25298.0	37173.0	55207.0	82164.0	120313.0	170777.0	236253.0	311014.0	399117.0	504189.0	639677.0	824471.0	1118134.0	1722526.0	3662145.0	13540446.0
006-F0_S6_L004_R1_001	39824.0	0.0	0.0	0.0	0.0	0.0	0.0	0.0	0.0	0.0	0.0	0.0	0.0	1.0	0.0	15.0	188.0	1174.0	4175.0	10269.0	18955.0	31835.0	52595.0	86331.0	133762.0	197058.0	274075.0	366412.0	476606.0	625870.0	860181.0	1357195.0	3165929.0	14467916.0
006-F0_S6_L004_R2_001	40376.0	75.0	259.0	127.0	83.0	59.0	29.0	17.0	35.0	60.0	76.0	92.0	2022.0	7011.0	10490.0	13208.0	16959.0	22050.0	30059.0	42382.0	60217.0	85947.0	123373.0	171290.0	231103.0	302250.0	385377.0	484780.0	608886.0	782841.0	1064912.0	1635088.0	3451140.0	12597693.0
006-F5_S1_L001_R1_001	24984.0	0.0	0.0	0.0	0.0	0.0	0.0	0.0	0.0	0.0	0.0	0.0	0.0	0.0	3.0	25.0	186.0	1381.0	5110.0	11629.0	20647.0	33309.0	54271.0	88684.0	136532.0	199846.0	277864.0	371837.0	485886.0	642556.0	895767.0	1435802.0	3352172.0	13663693.0
006-F5_S1_L001_R2_001	33994.0	156.0	2542.0	3835.0	1577.0	698.0	303.0	245.0	167.0	140.0	207.0	243.0	1976.0	6685.0	9666.0	11753.0	14897.0	19023.0	27315.0	39199.0	57878.0	84734.0	123142.0	174282.0	237180.0	312963.0	400879.0	508112.0	640707.0	831780.0	1134507.0	1746558.0	3635947.0	11638894.0
006-F5_S1_L002_R1_001	24160.0	0.0	0.0	0.0	0.0	0.0	0.0	0.0	0.0	0.0	0.0	0.0	0.0	0.0	1.0	24.0	178.0	1279.0	4742.0	10841.0	19416.0	30815.0	50377.0	80908.0	125945.0	185183.0	258120.0	345969.0	454373.0	600526.0	833474.0	1336100.0	3122141.0	13314659.0
006-F5_S1_L002_R2_001	31729.0	100.0	1315.0	3420.0	1249.0	870.0	551.0	144.0	176.0	178.0	186.0	259.0	1698.0	5932.0	10005.0	15664.0	23455.0	31631.0	40879.0	52244.0	69642.0	95896.0	130860.0	180153.0	240264.0	311267.0	394958.0	493963.0	622722.0	798968.0	1087589.0	1663314.0	3420636.0	11067314.0
006-F5_S1_L003_R1_001	25146.0	0.0	0.0	0.0	0.0	0.0	0.0	0.0	0.0	0.0	0.0	0.0	0.0	0.0	2.0	22.0	206.0	1273.0	4939.0	11381.0	20425.0	33322.0	54037.0	87242.0	135258.0	199415.0	278511.0	374654.0	492483.0	655888.0	913231.0	1474576.0	3451943.0	13651294.0
006-F5_S1_L003_R2_001	26465.0	92.0	565.0	242.0	101.0	89.0	51.0	17.0	21.0	49.0	57.0	83.0	1465.0	5729.0	8406.0	10603.0	13359.0	17634.0	24969.0	36899.0	53745.0	79659.0	116365.0	166406.0	229677.0	303640.0	392816.0	498047.0	632232.0	823426.0	1128164.0	1734211.0	3616321.0	11943643.0
006-F5_S1_L004_R1_001	23692.0	0.0	0.0	0.0	0.0	0.0	0.0	0.0	0.0	0.0	0.0	0.0	0.0	0.0	2.0	5.0	188.0	1222.0	4882.0	10992.0	19152.0	30478.0	49469.0	80105.0	124809.0	183304.0	255539.0	343892.0	452576.0	599078.0	838606.0	1350449.0	3180188.0	13115325.0
006-F5_S1_L004_R2_001	24489.0	70.0	235.0	131.0	63.0	67.0	28.0	30.0	32.0	49.0	81.0	79.0	1775.0	6109.0	9808.0	13072.0	17192.0	22411.0	30411.0	42199.0	59059.0	84543.0	120911.0	169394.0	228179.0	300175.0	385858.0	487209.0	617172.0	799256.0	1091937.0	1676253.0	3449135.0	11026541.0
008-F0_S1_L001_R1_001	10737.0	0.0	0.0	0.0	0.0	0.0	0.0	0.0	0.0	0.0	0.0	0.0	0.0	0.0	1.0	13.0	116.0	924.0	3793.0	9614.0	17999.0	29927.0	47969.0	76130.0	114340.0	162869.0	225298.0	297171.0	384652.0	495784.0	666937.0	1023426.0	2328518.0	17251907.0
008-F0_S1_L001_R2_001	19739.0	92.0	2550.0	3560.0	1678.0	480.0	421.0	206.0	137.0	257.0	325.0	288.0	2128.0	4999.0	7920.0	11699.0	16507.0	22145.0	30216.0	41129.0	56465.0	77267.0	105898.0	143294.0	188309.0	240266.0	301905.0	373161.0	463369.0	584647.0	783890.0	1186397.0	2580062.0	15896719.0
008-F0_S1_L002_R1_001	11217.0	0.0	0.0	0.0	0.0	0.0	0.0	0.0	0.0	0.0	0.0	0.0	0.0	1.0	3.0	13.0	136.0	938.0	3723.0	9788.0	18854.0	30778.0	48607.0	76128.0	112701.0	160277.0	220265.0	291622.0	374575.0	483909.0	653947.0	1003398.0	2291728.0	17060830.0
008-F0_S1_L002_R2_001	20709.0	122.0	3461.0	2612.0	587.0	458.0	217.0	114.0	129.0	179.0	226.0	332.0	3016.0	6762.0	10713.0	16520.0	23548.0	31557.0	41583.0	53542.0	70058.0	91869.0	121442.0	158333.0	203574.0	255564.0	315264.0	385356.0	475584.0	599592.0	803191.0	1214799.0	2630715.0	15311710.0
008-F0_S1_L003_R1_001	10458.0	0.0	0.0	0.0	0.0	0.0	0.0	0.0	0.0	0.0	0.0	0.0	0.0	0.0	4.0	11.0	111.0	829.0	3603.0	9368.0	18146.0	29643.0	48512.0	75823.0	113693.0	161678.0	222645.0	294288.0	381377.0	492837.0	668264.0	1025450.0	2352132.0	16749558.0
008-F0_S1_L003_R2_001	17893.0	1498.0	2522.0	542.0	221.0	205.0	219.0	229.0	281.0	324.0	375.0	438.0	2962.0	6161.0	9145.0	12766.0	17188.0	22958.0	31109.0	42262.0	57235.0	77092.0	105654.0	140750.0	185096.0	236157.0	295884.0	364843.0	453776.0	577482.0	774221.0	1178071.0	2561626.0	15481245.0
008-F0_S1_L004_R1_001	10575.0	0.0	0.0	0.0	0.0	0.0	0.0	0.0	0.0	0.0	0.0	0.0	0.0	0.0	0.0	11.0	142.0	846.0	3737.0	9620.0	18143.0	30430.0	48896.0	76484.0	114182.0	163589.0	224498.0	297120.0	383025.0	495117.0	671655.0	1032872.0	2367509.0	17383505.0
008-F0_S1_L004_R2_001	19222.0	1698.0	1994.0	436.0	194.0	163.0	232.0	141.0	214.0	245.0	300.0	393.0	2913.0	6598.0	10664.0	15387.0	22028.0	29179.0	38596.0	50738.0	67076.0	88881.0	119055.0	157109.0	202751.0	255538.0	317597.0	390188.0	479667.0	610254.0	815009.0	1236721.0	2681186.0	15709589.0
008-F5_S2_L001_R1_001	3223.0	0.0	0.0	0.0	0.0	0.0	0.0	0.0	0.0	0.0	0.0	0.0	0.0	0.0	0.0	5.0	51.0	396.0	1548.0	4181.0	8051.0	14183.0	23855.0	38284.0	58607.0	84279.0	116654.0	155481.0	200802.0	257685.0	349028.0	530981.0	1204211.0	9874199.0
008-F5_S2_L001_R2_001	8214.0	47.0	1460.0	2033.0	907.0	277.0	257.0	142.0	88.0	139.0	163.0	165.0	882.0	2146.0	3482.0	5182.0	7520.0	10037.0	13996.0	18911.0	26069.0	36475.0	51239.0	69822.0	92998.0	121242.0	153052.0	189881.0	234240.0	297086.0	396119.0	602288.0	1323937.0	9255208.0
008-F5_S2_L002_R1_001	3594.0	0.0	0.0	0.0	0.0	0.0	0.0	0.0	0.0	0.0	0.0	0.0	0.0	0.0	1.0	5.0	66.0	372.0	1586.0	4321.0	8409.0	14317.0	23707.0	37638.0	57043.0	82230.0	113602.0	150801.0	193659.0	251265.0	340692.0	520898.0	1184696.0	9782705.0
008-F5_S2_L002_R2_001	8664.0	46.0	1928.0	1432.0	291.0	238.0	114.0	59.0	60.0	96.0	128.0	152.0	1192.0	2816.0	4887.0	7685.0	10719.0	14399.0	19153.0	25017.0	32258.0	43484.0	57919.0	77367.0	100587.0	126919.0	159540.0	195069.0	241302.0	305866.0	407994.0	618446.0	1358670.0	8947110.0
008-F5_S2_L003_R1_001	3000.0	0.0	0.0	0.0	0.0	0.0	0.0	0.0	0.0	0.0	0.0	0.0	0.0	0.0	0.0	9.0	51.0	339.0	1437.0	4029.0	8042.0	13960.0	23079.0	37356.0	57366.0	83051.0	114911.0	153463.0	198451.0	256249.0	347180.0	531345.0	1208996.0	9647213.0
008-F5_S2_L003_R2_001	6966.0	809.0	1490.0	304.0	127.0	104.0	123.0	128.0	124.0	181.0	211.0	236.0	1203.0	2602.0	4060.0	5817.0	7795.0	10279.0	13922.0	18998.0	25883.0	36093.0	50144.0	68078.0	90799.0	118030.0	149284.0	185197.0	230205.0	292441.0	390977.0	595275.0	1310662.0	9070980.0
008-F5_S2_L004_R1_001	3202.0	0.0	0.0	0.0	0.0	0.0	0.0	0.0	0.0	0.0	0.0	0.0	0.0	0.0	1.0	4.0	48.0	396.0	1468.0	4178.0	8262.0	14141.0	23800.0	38039.0	57567.0	83801.0	115775.0	154200.0	200103.0	257762.0	349352.0	534876.0	1220106.0	9961950.0
008-F5_S2_L004_R2_001	7972.0	931.0	1111.0	226.0	118.0	111.0	118.0	70.0	97.0	131.0	146.0	207.0	1202.0	2736.0	4578.0	7153.0	10068.0	13405.0	17594.0	23434.0	31422.0	42018.0	56634.0	75695.0	99605.0	128079.0	159694.0	197869.0	244518.0	308920.0	413293.0	627047.0	1378755.0	9174074.0
018-F0_S3_L001_R1_001	6653.0	0.0	0.0	0.0	0.0	0.0	0.0	0.0	0.0	0.0	0.0	0.0	0.0	0.0	1.0	12.0	77.0	578.0	2411.0	6357.0	12782.0	21895.0	36697.0	58730.0	89214.0	127971.0	177074.0	235469.0	306036.0	396769.0	535631.0	822389.0	1850822.0	14056124.0
018-F0_S3_L001_R2_001	14158.0	74.0	2041.0	3028.0	1340.0	334.0	330.0	180.0	137.0	192.0	227.0	238.0	998.0	2680.0	4375.0	7018.0	10056.0	14187.0	20008.0	28511.0	39796.0	55781.0	77939.0	107448.0	142483.0	184198.0	232521.0	290411.0	362026.0	463867.0	629229.0	966879.0	2138220.0	12942782.0
018-F0_S3_L002_R1_001	6759.0	0.0	0.0	0.0	0.0	0.0	0.0	0.0	0.0	0.0	0.0	0.0	0.0	0.0	0.0	16.0	90.0	587.0	2447.0	6641.0	13277.0	22645.0	37093.0	57692.0	87029.0	125895.0	172667.0	229157.0	297251.0	386629.0	525856.0	808489.0	1826837.0	13897508.0
018-F0_S3_L002_R2_001	14561.0	95.0	2832.0	2099.0	483.0	338.0	182.0	99.0	84.0	147.0	184.0	232.0	1528.0	3443.0	6137.0	9989.0	14706.0	20876.0	27454.0	36935.0	49211.0	65586.0	88286.0	116989.0	151712.0	191733.0	240500.0	296245.0	370920.0	473278.0	639082.0	985300.0	2172214.0	12521105.0
018-F0_S3_L003_R1_001	6261.0	0.0	0.0	0.0	0.0	0.0	0.0	0.0	0.0	0.0	0.0	0.0	0.0	0.0	3.0	12.0	85.0	551.0	2296.0	6256.0	12652.0	22005.0	36619.0	58226.0	87955.0	126397.0	175026.0	232937.0	303100.0	397068.0	538020.0	826161.0	1876773.0	13662252.0
018-F0_S3_L003_R2_001	12239.0	1113.0	2087.0	405.0	206.0	162.0	167.0	165.0	223.0	250.0	307.0	334.0	1400.0	3171.0	5083.0	7472.0	10423.0	14751.0	20666.0	28824.0	39952.0	55807.0	77752.0	106046.0	140341.0	179950.0	228253.0	285252.0	358676.0	460116.0	624723.0	966178.0	2141737.0	12596424.0
018-F0_S3_L004_R1_001	6470.0	0.0	0.0	0.0	0.0	0.0	0.0	0.0	0.0	0.0	0.0	0.0	0.0	0.0	1.0	4.0	107.0	558.0	2383.0	6394.0	12881.0	22520.0	36984.0	58803.0	88717.0	127784.0	176780.0	234884.0	305933.0	396309.0	539087.0	828297.0	1885062.0	14158146.0
018-F0_S3_L004_R2_001	13745.0	1386.0	1685.0	316.0	144.0	149.0	132.0	116.0	144.0	190.0	228.0	303.0	1482.0	3395.0	5933.0	9470.0	13877.0	18912.0	25498.0	34588.0	46897.0	63483.0	86157.0	115600.0	152048.0	193795.0	242620.0	301276.0	377075.0	479411.0	652242.0	1003065.0	2216826.0	12825916.0
018-F5_S4_L001_R1_001	6134.0	0.0	0.0	0.0	0.0	0.0	0.0	0.0	0.0	0.0	0.0	0.0	0.0	0.0	0.0	9.0	85.0	648.0	2554.0	6543.0	12317.0	20218.0	32547.0	50767.0	76175.0	109282.0	150739.0	199357.0	258799.0	336023.0	454619.0	696327.0	1578922.0	12473470.0
018-F5_S4_L001_R2_001	12661.0	77.0	1763.0	2514.0	1177.0	380.0	333.0	140.0	100.0	175.0	216.0	238.0	765.0	1825.0	3255.0	5277.0	7691.0	10681.0	15409.0	22507.0	32014.0	45450.0	64415.0	87489.0	116321.0	151548.0	192405.0	239567.0	299911.0	381822.0	515905.0	789291.0	1757922.0	11704291.0
018-F5_S4_L002_R1_001	6362.0	0.0	0.0	0.0	0.0	0.0	0.0	0.0	0.0	0.0	0.0	0.0	0.0	0.0	1.0	10.0	74.0	604.0	2757.0	6782.0	12578.0	20760.0	32674.0	50307.0	75203.0	106786.0	147211.0	195214.0	253304.0	329080.0	447316.0	684149.0	1558509.0	12380595.0
018-F5_S4_L002_R2_001	13336.0	72.0	2471.0	1817.0	426.0	317.0	145.0	92.0	82.0	134.0	164.0	207.0	870.0	2234.0	4402.0	7265.0	10889.0	15187.0	21003.0	28996.0	39492.0	53827.0	72877.0	97093.0	126349.0	161168.0	201471.0	248540.0	310091.0	395420.0	533488.0	815544.0	1812252.0	11332555.0
018-F5_S4_L003_R1_001	5911.0	0.0	0.0	0.0	0.0	0.0	0.0	0.0	0.0	0.0	0.0	0.0	0.0	0.0	0.0	9.0	83.0	599.0	2519.0	6292.0	12055.0	20243.0	32560.0	49947.0	75820.0	108432.0	148983.0	197963.0	258095.0	335488.0	455014.0	699686.0	1591556.0	12194803.0
018-F5_S4_L003_R2_001	11254.0	1062.0	1865.0	349.0	190.0	114.0	158.0	122.0	203.0	216.0	281.0	299.0	910.0	2020.0	3435.0	5199.0	7671.0	10371.0	15414.0	21797.0	31710.0	45069.0	62899.0	86013.0	114117.0	149036.0	188331.0	234998.0	295596.0	379443.0	512753.0	785323.0	1753329.0	11474511.0
018-F5_S4_L004_R1_001	6128.0	0.0	0.0	0.0	0.0	0.0	0.0	0.0	0.0	0.0	0.0	0.0	0.0	1.0	0.0	6.0	80.0	614.0	2534.0	6561.0	12257.0	20496.0	32776.0	50898.0	75990.0	108833.0	150120.0	199454.0	259329.0	336280.0	457439.0	702821.0	1603484.0	12607838.0
018-F5_S4_L004_R2_001	12434.0	1118.0	1423.0	259.0	149.0	139.0	144.0	104.0	116.0	165.0	206.0	229.0	882.0	2224.0	4199.0	6588.0	10091.0	14337.0	19555.0	27094.0	37855.0	52216.0	70789.0	95443.0	125340.0	160778.0	202098.0	251563.0	313784.0	399624.0	539571.0	825944.0	1840460.0	11617018.0
019-F0_S5_L001_R1_001	8299.0	0.0	0.0	0.0	0.0	0.0	0.0	0.0	0.0	0.0	0.0	0.0	0.0	0.0	0.0	9.0	101.0	736.0	3078.0	7654.0	13382.0	21293.0	31738.0	47546.0	69138.0	96261.0	133006.0	174409.0	224827.0	291972.0	392502.0	595469.0	1321541.0	10966294.0
019-F0_S5_L001_R2_001	14040.0	63.0	1537.0	2349.0	1013.0	293.0	278.0	132.0	85.0	141.0	195.0	197.0	935.0	2304.0	3978.0	5814.0	8174.0	11235.0	16100.0	22629.0	31642.0	43167.0	58680.0	78707.0	103139.0	132057.0	167130.0	206588.0	259571.0	331024.0	440389.0	665462.0	1455849.0	10334358.0
019-F0_S5_L002_R1_001	8643.0	0.0	0.0	0.0	0.0	0.0	0.0	0.0	0.0	0.0	0.0	0.0	0.0	0.0	2.0	9.0	100.0	754.0	3009.0	7530.0	13833.0	21237.0	31921.0	46557.0	67120.0	94441.0	128269.0	169701.0	218453.0	285123.0	384078.0	583537.0	1296143.0	10862180.0
019-F0_S5_L002_R2_001	14610.0	56.0	2141.0	1596.0	381.0	284.0	158.0	78.0	85.0	103.0	143.0	191.0	1237.0	2990.0	5197.0	7797.0	10906.0	15080.0	20605.0	27744.0	36798.0	49107.0	65052.0	85166.0	108473.0	137410.0	171830.0	212174.0	262689.0	335520.0	446749.0	673604.0	1475201.0	10051485.0
019-F0_S5_L003_R1_001	7961.0	0.0	0.0	0.0	0.0	0.0	0.0	0.0	0.0	0.0	0.0	0.0	0.0	0.0	0.0	9.0	92.0	648.0	2877.0	7488.0	13459.0	20952.0	31739.0	46994.0	68274.0	96112.0	130341.0	172204.0	223575.0	291079.0	390963.0	593913.0	1323219.0	10742850.0
019-F0_S5_L003_R2_001	12439.0	956.0	1617.0	305.0	147.0	110.0	128.0	127.0	176.0	189.0	233.0	281.0	1199.0	2626.0	4309.0	6241.0	8372.0	11299.0	15854.0	22405.0	31065.0	42833.0	58086.0	77318.0	100673.0	129822.0	162873.0	203503.0	253198.0	324202.0	435098.0	657648.0	1444468.0	10154949.0
019-F0_S5_L004_R1_001	8025.0	0.0	0.0	0.0	0.0	0.0	0.0	0.0	0.0	0.0	0.0	0.0	0.0	0.0	1.0	6.0	93.0	694.0	2945.0	7664.0	13600.0	21180.0	31990.0	47428.0	68121.0	96697.0	131986.0	173494.0	224861.0	292432.0	394982.0	597223.0	1335264.0	11066349.0
019-F0_S5_L004_R2_001	13327.0	1015.0	1310.0	220.0	111.0	122.0	131.0	75.0	109.0	143.0	179.0	217.0	1276.0	3074.0	4953.0	7551.0	10549.0	14174.0	19251.0	26320.0	35815.0	47448.0	63467.0	83596.0	108687.0	137731.0	173047.0	213837.0	266983.0	338532.0	455070.0	684070.0	1497922.0	10304723.0
019-F5_S6_L001_R1_001	14865.0	0.0	0.0	0.0	0.0	0.0	0.0	0.0	0.0	0.0	0.0	0.0	0.0	0.0	2.0	14.0	119.0	744.0	3244.0	8463.0	16423.0	27676.0	43798.0	68512.0	102403.0	145283.0	199684.0	263365.0	338962.0	438219.0	591234.0	901276.0	2044777.0	16230537.0
019-F5_S6_L001_R2_001	23075.0	121.0	2377.0	3363.0	1499.0	447.0	433.0	195.0	143.0	239.0	300.0	315.0	2190.0	5073.0	7974.0	11211.0	15711.0	20301.0	26943.0	36467.0	49085.0	66655.0	90299.0	121450.0	159263.0	203959.0	257312.0	319491.0	397223.0	506211.0	677121.0	1032064.0	2274999.0	15126091.0
019-F5_S6_L002_R1_001	15448.0	0.0	0.0	0.0	0.0	0.0	0.0	0.0	0.0	0.0	0.0	0.0	0.0	1.0	5.0	12.0	105.0	795.0	3339.0	8820.0	17189.0	28149.0	44123.0	67927.0	99923.0	141972.0	194550.0	256483.0	329911.0	427177.0	575959.0	882425.0	2008448.0	16099249.0
019-F5_S6_L002_R2_001	24049.0	111.0	3194.0	2409.0	524.0	430.0	214.0	105.0	138.0	172.0	228.0	270.0	3035.0	6675.0	10476.0	15479.0	21292.0	28182.0	35896.0	46859.0	60799.0	78976.0	103757.0	133944.0	172049.0	217063.0	269080.0	330489.0	409150.0	519501.0	694933.0	1059738.0	2335154.0	14617639.0
019-F5_S6_L003_R1_001	14578.0	0.0	0.0	0.0	0.0	0.0	0.0	0.0	0.0	0.0	0.0	0.0	0.0	1.0	1.0	19.0	101.0	684.0	3183.0	8439.0	16579.0	27441.0	43935.0	68077.0	100844.0	144548.0	197228.0	260798.0	337433.0	436189.0	589705.0	902918.0	2059654.0	15836815.0
019-F5_S6_L003_R2_001	21289.0	1420.0	2367.0	478.0	272.0	185.0	181.0	177.0	247.0	297.0	349.0	375.0	3016.0	6339.0	9262.0	12452.0	16229.0	20959.0	27487.0	36924.0	49304.0	67017.0	89917.0	119345.0	155459.0	199624.0	251357.0	311805.0	389002.0	497254.0	668386.0	1022870.0	2257976.0	14809549.0
019-F5_S6_L004_R1_001	15124.0	0.0	0.0	0.0	0.0	0.0	0.0	0.0	0.0	0.0	0.0	0.0	0.0	0.0	1.0	15.0	105.0	756.0	3129.0	8650.0	16815.0	27896.0	44501.0	68243.0	101768.0	144476.0	198530.0	262544.0	339173.0	438131.0	590804.0	903323.0	2073969.0	16383682.0
019-F5_S6_L004_R2_001	22901.0	1549.0	1898.0	357.0	183.0	178.0	177.0	138.0	149.0	251.0	273.0	335.0	3056.0	6948.0	10505.0	15157.0	20240.0	26084.0	34084.0	44355.0	58300.0	76511.0	101246.0	132656.0	171039.0	216727.0	270266.0	333404.0	413466.0	525647.0	704637.0	1071984.0	2366523.0	14990411.0
029-F0_S5_L001_R1_001	45487.0	0.0	0.0	0.0	0.0	0.0	0.0	0.0	0.0	0.0	0.0	0.0	0.0	0.0	1.0	17.0	215.0	1424.0	5112.0	12129.0	21169.0	34140.0	53301.0	85664.0	130795.0	192260.0	266788.0	354642.0	460242.0	602209.0	823304.0	1286235.0	2979509.0	14150960.0
029-F0_S5_L001_R2_001	54187.0	154.0	2628.0	3828.0	1667.0	826.0	317.0	228.0	153.0	135.0	187.0	248.0	2133.0	7227.0	9930.0	11360.0	14166.0	18557.0	25650.0	37077.0	53906.0	77495.0	110810.0	156692.0	212377.0	278352.0	356846.0	449566.0	566725.0	727981.0	988782.0	1531293.0	3305823.0	12498297.0
029-F0_S5_L002_R1_001	43984.0	0.0	0.0	0.0	0.0	0.0	0.0	0.0	0.0	0.0	0.0	0.0	0.0	0.0	2.0	22.0	158.0	1253.0	4867.0	11410.0	19951.0	31376.0	49009.0	78042.0	120659.0	177591.0	245111.0	328021.0	426135.0	556667.0	763428.0	1192677.0	2756396.0	13747059.0
029-F0_S5_L002_R2_001	51053.0	97.0	1236.0	3590.0	1218.0	789.0	612.0	143.0	171.0	168.0	180.0	219.0	1884.0	6383.0	10245.0	15166.0	21621.0	29157.0	36572.0	46742.0	61518.0	82850.0	115351.0	157417.0	210804.0	273071.0	345109.0	432743.0	540638.0	693652.0	938214.0	1443855.0	3090420.0	11940930.0
029-F0_S5_L003_R1_001	45842.0	0.0	0.0	0.0	0.0	0.0	0.0	0.0	0.0	0.0	0.0	0.0	0.0	0.0	2.0	12.0	192.0	1273.0	5062.0	12104.0	21112.0	32864.0	52838.0	84694.0	130482.0	192912.0	268431.0	359752.0	468212.0	612346.0	838730.0	1316951.0	3064241.0	14210344.0
029-F0_S5_L003_R2_001	46888.0	79.0	497.0	272.0	81.0	103.0	42.0	19.0	16.0	39.0	50.0	104.0	1730.0	6167.0	8755.0	10550.0	12775.0	17158.0	23948.0	34510.0	50324.0	72804.0	104884.0	149886.0	204065.0	271786.0	350587.0	444021.0	560803.0	722468.0	980229.0	1516340.0	3277273.0	12849143.0
029-F0_S5_L004_R1_001	42827.0	0.0	0.0	0.0	0.0	0.0	0.0	0.0	0.0	0.0	0.0	0.0	0.0	0.0	1.0	25.0	171.0	1289.0	4829.0	11387.0	19731.0	30947.0	48268.0	77465.0	119573.0	174885.0	244145.0	326616.0	425550.0	559082.0	762100.0	1198048.0	2795406.0	13523029.0
029-F0_S5_L004_R2_001	43226.0	53.0	289.0	116.0	80.0	89.0	28.0	18.0	19.0	41.0	59.0	82.0	1958.0	6425.0	9778.0	12401.0	15621.0	20060.0	27254.0	38031.0	53482.0	75093.0	106861.0	147962.0	201304.0	262855.0	336580.0	424342.0	534701.0	690134.0	935470.0	1442206.0	3096431.0	11882325.0
029-F5_S4_L001_R1_001	43442.0	0.0	0.0	0.0	0.0	0.0	0.0	0.0	0.0	0.0	0.0	0.0	0.0	0.0	3.0	16.0	129.0	725.0	2725.0	7443.0	16270.0	31246.0	56112.0	95878.0	152492.0	224962.0	315000.0	422293.0	550127.0	723609.0	997357.0	1587633.0	3736502.0	16562469.0
029-F5_S4_L001_R2_001	54234.0	192.0	3002.0	4610.0	1917.0	926.0	356.0	257.0	222.0	147.0	196.0	244.0	2456.0	7903.0	11042.0	12889.0	15331.0	19702.0	26663.0	38012.0	56021.0	84397.0	125369.0	181375.0	250406.0	332077.0	427551.0	543589.0	688081.0	889468.0	1213890.0	1883873.0	4047200.0	14602835.0
029-F5_S4_L002_R1_001	41794.0	0.0	0.0	0.0	0.0	0.0	0.0	0.0	0.0	0.0	0.0	0.0	0.0	0.0	5.0	12.0	89.0	563.0	2544.0	6896.0	14876.0	28161.0	51220.0	87464.0	139200.0	208071.0	290215.0	389582.0	510234.0	673158.0	928654.0	1474516.0	3466200.0	16138308.0
029-F5_S4_L002_R2_001	50490.0	126.0	1494.0	4062.0	1474.0	1008.0	689.0	148.0	210.0	221.0	233.0	252.0	2074.0	7187.0	11950.0	17882.0	26320.0	34397.0	42175.0	53248.0	69269.0	95684.0	133445.0	187554.0	251065.0	329312.0	420289.0	527014.0	664075.0	855612.0	1163925.0	1793056.0	3809647.0	13896175.0
029-F5_S4_L003_R1_001	43908.0	0.0	0.0	0.0	0.0	0.0	0.0	0.0	0.0	0.0	0.0	0.0	0.0	0.0	1.0	15.0	95.0	629.0	2587.0	7159.0	15540.0	29907.0	55172.0	94562.0	150919.0	225842.0	315760.0	424805.0	557981.0	734480.0	1015488.0	1625671.0	3846242.0	16605999.0
029-F5_S4_L003_R2_001	45487.0	96.0	617.0	295.0	117.0	92.0	53.0	15.0	29.0	47.0	68.0	115.0	1887.0	6911.0	9724.0	11476.0	13667.0	17526.0	23554.0	34007.0	51431.0	78340.0	118883.0	173305.0	240504.0	322223.0	418656.0	534114.0	678736.0	879357.0	1203428.0	1865482.0	4015843.0	15006677.0
029-F5_S4_L004_R1_001	41451.0	0.0	0.0	0.0	0.0	0.0	0.0	0.0	0.0	0.0	0.0	0.0	0.0	0.0	3.0	14.0	97.0	609.0	2417.0	6908.0	14605.0	27780.0	50748.0	86676.0	137944.0	205350.0	288470.0	388233.0	508871.0	670581.0	930194.0	1486686.0	3532149.0	15890839.0
029-F5_S4_L004_R2_001	42175.0	80.0	279.0	148.0	85.0	86.0	20.0	25.0	35.0	46.0	62.0	99.0	2199.0	7537.0	11520.0	14798.0	19338.0	24233.0	31023.0	41595.0	58354.0	84008.0	122680.0	174848.0	239220.0	316193.0	408620.0	517641.0	656567.0	851040.0	1162577.0	1800573.0	3832845.0	13850076.0
030-F0_S1_L001_R1_001	28849.0	0.0	0.0	0.0	0.0	0.0	0.0	0.0	0.0	0.0	0.0	0.0	0.0	0.0	0.0	13.0	150.0	1194.0	4927.0	12368.0	22252.0	35084.0	53884.0	81843.0	123093.0	178179.0	249543.0	335069.0	439040.0	576569.0	782280.0	1189508.0	2543170.0	11186649.0
030-F0_S1_L001_R2_001	28885.0	0.0	0.0	0.0	0.0	0.0	0.0	0.0	0.0	0.0	0.0	1.0	1211.0	4189.0	7192.0	10116.0	14155.0	19210.0	26572.0	37735.0	53463.0	73418.0	101290.0	138387.0	184443.0	240506.0	306832.0	385806.0	486235.0	621817.0	829367.0	1241844.0	2552289.0	10478701.0
030-F0_S1_L002_R1_001	27565.0	0.0	0.0	0.0	0.0	0.0	0.0	0.0	0.0	0.0	0.0	0.0	0.0	0.0	0.0	13.0	149.0	1065.0	4742.0	11865.0	21729.0	33881.0	51123.0	78045.0	116252.0	169324.0	234208.0	316000.0	414263.0	543979.0	739359.0	1129241.0	2420861.0	11002963.0
030-F0_S1_L002_R2_001	27427.0	0.0	0.0	0.0	0.0	0.0	0.0	0.0	0.0	0.0	0.0	1.0	1548.0	4563.0	7640.0	11977.0	17241.0	23309.0	31337.0	42776.0	58143.0	79079.0	106679.0	142526.0	186516.0	240389.0	303017.0	380177.0	473362.0	603765.0	803322.0	1198439.0	2444760.0	10128634.0
030-F0_S1_L003_R1_001	27971.0	0.0	0.0	0.0	0.0	0.0	0.0	0.0	0.0	0.0	1.0	2.0	5.0	11.0	16.0	37.0	204.0	1181.0	4640.0	11999.0	21862.0	34273.0	52205.0	80163.0	119650.0	173630.0	242653.0	328272.0	432111.0	569283.0	775381.0	1187031.0	2557472.0	11188795.0
030-F0_S1_L003_R2_001	27862.0	0.0	0.0	0.0	0.0	0.0	0.0	0.0	0.0	0.0	0.0	0.0	1215.0	4097.0	6779.0	9903.0	13386.0	18034.0	25226.0	36519.0	50823.0	70915.0	98864.0	135189.0	180276.0	235457.0	301026.0	380365.0	481078.0	618538.0	829173.0	1242802.0	2557762.0	10483559.0
030-F0_S1_L004_R1_001	27223.0	0.0	0.0	0.0	0.0	0.0	0.0	0.0	0.0	0.0	0.0	1.0	0.0	2.0	10.0	48.0	186.0	1191.0	4677.0	11957.0	21793.0	33618.0	50494.0	76481.0	114652.0	166978.0	232292.0	314143.0	412287.0	542576.0	738267.0	1128232.0	2438051.0	11261786.0
030-F0_S1_L004_R2_001	26944.0	0.0	0.0	0.0	0.0	0.0	0.0	0.0	0.0	0.0	0.0	0.0	1714.0	4859.0	8284.0	12341.0	17011.0	23486.0	31374.0	43158.0	58829.0	79554.0	107459.0	144295.0	188473.0	242578.0	307374.0	383999.0	482152.0	615633.0	820272.0	1227743.0	2520100.0	10229313.0
030-F5_S6_L001_R1_001	12303.0	0.0	0.0	0.0	0.0	0.0	0.0	0.0	0.0	0.0	0.0	0.0	0.0	0.0	0.0	7.0	60.0	408.0	1785.0	5001.0	9455.0	16435.0	26899.0	43210.0	66719.0	97489.0	136167.0	183891.0	239773.0	314268.0	420845.0	634288.0	1343984.0	6498360.0
030-F5_S6_L001_R2_001	12250.0	0.0	0.0	0.0	0.0	0.0	0.0	0.0	0.0	0.0	0.0	1.0	650.0	2199.0	3753.0	5554.0	7721.0	10337.0	13780.0	18934.0	26764.0	37617.0	53005.0	73419.0	99470.0	130010.0	167738.0	210640.0	263992.0	337665.0	447708.0	669139.0	1376550.0	6082451.0
030-F5_S6_L002_R1_001	11602.0	0.0	0.0	0.0	0.0	0.0	0.0	0.0	0.0	0.0	0.0	0.0	0.0	1.0	1.0	6.0	58.0	386.0	1745.0	4743.0	9339.0	15746.0	25701.0	40735.0	62305.0	92093.0	129556.0	173992.0	226340.0	295484.0	398889.0	601007.0	1275734.0	6380388.0
030-F5_S6_L002_R2_001	11483.0	0.0	0.0	0.0	0.0	0.0	0.0	0.0	0.0	0.0	0.0	2.0	719.0	2345.0	4181.0	6643.0	9584.0	12626.0	16180.0	21635.0	29531.0	40026.0	54998.0	74662.0	99582.0	129353.0	163829.0	206229.0	256496.0	325297.0	431243.0	639697.0	1308988.0	5900522.0
030-F5_S6_L003_R1_001	11735.0	0.0	0.0	0.0	0.0	0.0	0.0	0.0	0.0	0.0	0.0	0.0	6.0	7.0	12.0	20.0	91.0	433.0	1637.0	4614.0	9254.0	15656.0	25889.0	41676.0	64303.0	95312.0	132590.0	179445.0	236561.0	310133.0	417430.0	630684.0	1341602.0	6523341.0
030-F5_S6_L003_R2_001	11599.0	0.0	0.0	0.0	0.0	0.0	0.0	0.0	0.0	0.0	0.0	1.0	619.0	2264.0	3748.0	5498.0	7453.0	9912.0	13100.0	18148.0	25391.0	35802.0	51040.0	71039.0	96594.0	127295.0	164103.0	207310.0	261145.0	334167.0	445472.0	665502.0	1375807.0	6109422.0
030-F5_S6_L004_R1_001	11359.0	0.0	0.0	0.0	0.0	0.0	0.0	0.0	0.0	0.0	0.0	1.0	2.0	3.0	3.0	12.0	83.0	448.0	1711.0	4611.0	9140.0	15261.0	24929.0	40483.0	61790.0	90947.0	126609.0	171773.0	225002.0	294737.0	398470.0	600400.0	1282571.0	6530812.0
030-F5_S6_L004_R2_001	11084.0	0.0	0.0	0.0	0.0	0.0	0.0	0.0	0.0	0.0	0.0	0.0	874.0	2569.0	4461.0	6815.0	9421.0	12520.0	16220.0	21650.0	29599.0	40154.0	55250.0	75237.0	100426.0	130822.0	166113.0	207470.0	259939.0	330505.0	440214.0	655108.0	1351124.0	5963582.0
032-F0_S5_L001_R1_001	15921.0	0.0	0.0	0.0	0.0	0.0	0.0	0.0	0.0	0.0	0.0	0.0	0.0	0.0	3.0	7.0	116.0	791.0	3481.0	10173.0	21676.0	40468.0	72581.0	125251.0	201822.0	303498.0	433537.0	590291.0	779233.0	1020744.0	1391439.0	2136775.0	4674919.0	20534791.0
032-F0_S5_L001_R2_001	16233.0	0.0	0.0	0.0	0.0	0.0	0.0	0.0	0.0	0.0	0.0	0.0	1199.0	4460.0	7631.0	11576.0	16329.0	22486.0	31849.0	47247.0	70241.0	104305.0	154292.0	225287.0	314153.0	419121.0	544274.0	691402.0	876002.0	1127756.0	1523089.0	2327657.0	4896891.0	18924037.0
032-F0_S5_L002_R1_001	15032.0	0.0	0.0	0.0	0.0	0.0	0.0	0.0	0.0	0.0	0.0	0.0	0.0	1.0	2.0	10.0	99.0	767.0	3592.0	10073.0	21586.0	39178.0	68980.0	118094.0	190560.0	286076.0	407815.0	556003.0	732950.0	963288.0	1315563.0	2028509.0	4460478.0	20144218.0
032-F0_S5_L002_R2_001	15264.0	0.0	0.0	0.0	0.0	0.0	0.0	0.0	0.0	0.0	0.0	1.0	1664.0	5324.0	9336.0	14948.0	21846.0	30322.0	40630.0	56841.0	79957.0	113903.0	162413.0	228848.0	312331.0	411642.0	529172.0	668814.0	843084.0	1085203.0	1458716.0	2217540.0	4642597.0	18412478.0
032-F0_S5_L003_R1_001	15621.0	0.0	0.0	0.0	0.0	0.0	0.0	0.0	0.0	0.0	0.0	0.0	5.0	21.0	22.0	75.0	192.0	898.0	3427.0	9531.0	20733.0	38786.0	69352.0	120425.0	194410.0	294961.0	419342.0	575239.0	763132.0	1006866.0	1378573.0	2133689.0	4705565.0	20594319.0
032-F0_S5_L003_R2_001	15570.0	0.0	0.0	0.0	0.0	0.0	0.0	0.0	0.0	0.0	0.0	1.0	1190.0	4193.0	7462.0	11205.0	15197.0	21169.0	29959.0	44556.0	66333.0	99712.0	148612.0	217246.0	303560.0	408835.0	532604.0	682144.0	865833.0	1122491.0	1524459.0	2336511.0	4928430.0	18957912.0
032-F0_S5_L004_R1_001	15300.0	0.0	0.0	0.0	0.0	0.0	0.0	0.0	0.0	0.0	0.0	0.0	2.0	8.0	27.0	40.0	217.0	888.0	3548.0	9631.0	20504.0	37805.0	67270.0	116263.0	185459.0	281310.0	400534.0	549633.0	725237.0	956799.0	1308865.0	2025718.0	4492999.0	20646939.0
032-F0_S5_L004_R2_001	15165.0	0.0	0.0	0.0	0.0	0.0	0.0	0.0	0.0	0.0	0.0	0.0	1962.0	5756.0	10092.0	15668.0	22419.0	30586.0	40672.0	55833.0	78300.0	113088.0	162412.0	229851.0	315104.0	415612.0	536102.0	678369.0	857344.0	1105139.0	1495633.0	2282868.0	4802418.0	18574603.0
032-F5_S3_L001_R1_001	26949.0	0.0	0.0	0.0	0.0	0.0	0.0	0.0	0.0	0.0	0.0	0.0	0.0	0.0	0.0	9.0	137.0	962.0	4073.0	12671.0	28082.0	53847.0	96015.0	167920.0	273365.0	412644.0	588295.0	801224.0	1053785.0	1385393.0	1892053.0	2920303.0	6448372.0	28032343.0
032-F5_S3_L001_R2_001	27458.0	0.0	0.0	0.0	0.0	0.0	0.0	0.0	0.0	0.0	0.0	1.0	1544.0	5645.0	9988.0	15085.0	21061.0	28524.0	41285.0	61946.0	92659.0	138319.0	206276.0	300984.0	421864.0	567121.0	736627.0	938432.0	1191064.0	1536261.0	2073643.0	3180771.0	6744741.0	25857143.0
032-F5_S3_L002_R1_001	25736.0	0.0	0.0	0.0	0.0	0.0	0.0	0.0	0.0	0.0	0.0	0.0	0.0	0.0	2.0	7.0	154.0	929.0	4241.0	12568.0	27598.0	51581.0	92168.0	158942.0	257118.0	387158.0	554304.0	753949.0	993314.0	1305362.0	1784273.0	2765447.0	6141087.0	27648741.0
032-F5_S3_L002_R2_001	25894.0	0.0	0.0	0.0	0.0	0.0	0.0	0.0	0.0	0.0	0.0	0.0	2293.0	6963.0	12686.0	19992.0	29671.0	40433.0	55408.0	76759.0	109261.0	154453.0	220940.0	312597.0	428050.0	565866.0	727631.0	919799.0	1158138.0	1486551.0	2004132.0	3058195.0	6447384.0	25101583.0
032-F5_S3_L003_R1_001	26384.0	0.0	0.0	0.0	0.0	0.0	0.0	0.0	0.0	0.0	0.0	3.0	13.0	23.0	36.0	99.0	273.0	1042.0	4101.0	11967.0	26884.0	51387.0	92778.0	162278.0	263349.0	397809.0	569730.0	777631.0	1032131.0	1361930.0	1869848.0	2905973.0	6476318.0	28188905.0
032-F5_S3_L003_R2_001	26398.0	0.0	0.0	0.0	0.0	0.0	0.0	0.0	0.0	0.0	0.0	0.0	1422.0	5312.0	9520.0	14196.0	19765.0	26980.0	38464.0	58251.0	87099.0	131906.0	198432.0	291948.0	409390.0	552800.0	722618.0	925020.0	1177491.0	1525950.0	2079541.0	3199366.0	6808788.0	25910235.0
032-F5_S3_L004_R1_001	26112.0	0.0	0.0	0.0	0.0	0.0	0.0	0.0	0.0	0.0	0.0	0.0	1.0	11.0	27.0	60.0	235.0	1012.0	4064.0	11798.0	26527.0	49281.0	88751.0	154724.0	250131.0	379609.0	541529.0	742408.0	982915.0	1295318.0	1775619.0	2758686.0	6184126.0	28316296.0
032-F5_S3_L004_R2_001	25916.0	0.0	0.0	0.0	0.0	0.0	0.0	0.0	0.0	0.0	0.0	1.0	2520.0	7622.0	13360.0	20956.0	30160.0	40058.0	53666.0	75730.0	107126.0	153199.0	220694.0	311508.0	427904.0	567712.0	731218.0	925551.0	1173134.0	1512601.0	2050746.0	3149535.0	6674650.0	25313673.0
040-F0_S2_L001_R1_001	11125.0	0.0	0.0	0.0	0.0	0.0	0.0	0.0	0.0	0.0	0.0	0.0	0.0	0.0	0.0	5.0	70.0	447.0	2081.0	5594.0	11121.0	19149.0	32926.0	53710.0	84931.0	126795.0	180133.0	244385.0	320785.0	420905.0	573352.0	869823.0	1876380.0	8745930.0
040-F0_S2_L001_R2_001	11257.0	0.0	0.0	0.0	0.0	0.0	0.0	0.0	0.0	0.0	0.0	0.0	725.0	2462.0	4185.0	6072.0	8435.0	11219.0	15347.0	21785.0	30956.0	45124.0	65529.0	93373.0	129367.0	172590.0	223257.0	284225.0	359303.0	462816.0	622481.0	940986.0	1968787.0	8099366.0
040-F0_S2_L002_R1_001	10526.0	0.0	0.0	0.0	0.0	0.0	0.0	0.0	0.0	0.0	0.0	0.0	0.0	0.0	0.0	8.0	66.0	498.0	2127.0	5617.0	10835.0	18296.0	31220.0	51221.0	79729.0	119268.0	168499.0	229205.0	301722.0	395664.0	538556.0	822199.0	1780781.0	8578482.0
040-F0_S2_L002_R2_001	10543.0	0.0	0.0	0.0	0.0	0.0	0.0	0.0	0.0	0.0	0.0	0.0	887.0	2780.0	4678.0	7284.0	10284.0	13720.0	17983.0	24198.0	34074.0	47522.0	67510.0	94136.0	127986.0	168049.0	215148.0	272471.0	343045.0	439890.0	588494.0	887163.0	1851865.0	7914809.0
040-F0_S2_L003_R1_001	10938.0	0.0	0.0	0.0	0.0	0.0	0.0	0.0	0.0	0.0	0.0	2.0	3.0	9.0	10.0	40.0	87.0	522.0	2064.0	5626.0	10935.0	18975.0	31713.0	52398.0	82884.0	123577.0	175360.0	238498.0	313797.0	414192.0	565865.0	865665.0	1879735.0	8804972.0
040-F0_S2_L003_R2_001	10923.0	0.0	0.0	0.0	0.0	0.0	0.0	0.0	0.0	0.0	0.0	0.0	674.0	2455.0	4053.0	6015.0	8213.0	10721.0	14965.0	20717.0	29706.0	43859.0	63624.0	91200.0	126906.0	168959.0	220503.0	280163.0	354993.0	460393.0	620739.0	943607.0	1981565.0	8132914.0
040-F0_S2_L004_R1_001	10582.0	0.0	0.0	0.0	0.0	0.0	0.0	0.0	0.0	0.0	0.0	0.0	0.0	2.0	5.0	15.0	108.0	559.0	2184.0	5581.0	10770.0	18527.0	30190.0	50479.0	79140.0	117822.0	167294.0	226737.0	298618.0	393890.0	537233.0	823703.0	1794137.0	8782579.0
040-F0_S2_L004_R2_001	10447.0	0.0	0.0	0.0	0.0	0.0	0.0	0.0	0.0	0.0	0.0	0.0	972.0	3054.0	5108.0	7892.0	10852.0	14154.0	18180.0	24633.0	33846.0	47809.0	67970.0	94961.0	129143.0	169915.0	218135.0	276418.0	348222.0	448669.0	603196.0	915821.0	1916205.0	7984553.0
040-F5_S4_L001_R1_001	16245.0	0.0	0.0	0.0	0.0	0.0	0.0	0.0	0.0	0.0	0.0	0.0	0.0	0.0	0.0	6.0	63.0	481.0	2082.0	6176.0	12908.0	24372.0	43253.0	74570.0	119340.0	177409.0	251449.0	341795.0	448626.0	588992.0	802289.0	1226531.0	2677402.0	12051488.0
040-F5_S4_L001_R2_001	16390.0	0.0	0.0	0.0	0.0	0.0	0.0	0.0	0.0	0.0	0.0	1.0	939.0	3153.0	5519.0	8006.0	11104.0	14770.0	20218.0	28673.0	41424.0	60738.0	89550.0	128643.0	178087.0	238282.0	309640.0	393670.0	497199.0	639879.0	861887.0	1308948.0	2759258.0	11249499.0
040-F5_S4_L002_R1_001	15531.0	0.0	0.0	0.0	0.0	0.0	0.0	0.0	0.0	0.0	0.0	0.0	0.0	0.0	2.0	4.0	63.0	469.0	2085.0	5959.0	12767.0	23314.0	41015.0	70194.0	112148.0	167239.0	235420.0	321132.0	421479.0	553305.0	755118.0	1157169.0	2544932.0	11865536.0
040-F5_S4_L002_R2_001	15575.0	0.0	0.0	0.0	0.0	0.0	0.0	0.0	0.0	0.0	0.0	0.0	1152.0	3679.0	6471.0	10219.0	15012.0	19729.0	25710.0	34745.0	47853.0	67629.0	95699.0	133710.0	182058.0	238618.0	304769.0	384923.0	484817.0	620728.0	833966.0	1259247.0	2644215.0	10874357.0
040-F5_S4_L003_R1_001	15961.0	0.0	0.0	0.0	0.0	0.0	0.0	0.0	0.0	0.0	0.0	0.0	5.0	11.0	24.0	42.0	125.0	501.0	2068.0	5951.0	12540.0	23412.0	41792.0	72118.0	115020.0	172439.0	244639.0	333351.0	439775.0	581168.0	792879.0	1222426.0	2692535.0	12089490.0
040-F5_S4_L003_R2_001	15932.0	0.0	0.0	0.0	0.0	0.0	0.0	0.0	0.0	0.0	0.0	1.0	856.0	3077.0	5225.0	7741.0	10560.0	13869.0	18885.0	26858.0	39663.0	57671.0	86166.0	124978.0	173393.0	233426.0	302555.0	386449.0	493660.0	637087.0	859614.0	1311963.0	2777243.0	11271400.0
040-F5_S4_L004_R1_001	15458.0	0.0	0.0	0.0	0.0	0.0	0.0	0.0	0.0	0.0	0.0	0.0	0.0	3.0	10.0	21.0	113.0	569.0	2219.0	5848.0	12571.0	22707.0	40568.0	68910.0	109577.0	163924.0	232896.0	316608.0	417661.0	551389.0	752351.0	1158429.0	2564184.0	12142718.0
040-F5_S4_L004_R2_001	15330.0	0.0	0.0	0.0	0.0	0.0	0.0	0.0	0.0	0.0	0.0	1.0	1344.0	4055.0	6810.0	10315.0	14733.0	19259.0	25424.0	34650.0	47920.0	67666.0	95731.0	134163.0	181793.0	239103.0	308323.0	388539.0	490539.0	632475.0	850297.0	1295158.0	2731079.0	10984027.0
KS25_S6_L001_R1_001	17846.0	0.0	0.0	0.0	0.0	0.0	0.0	0.0	1.0	2.0	22.0	78.0	194.0	201.0	170.0	207.0	319.0	896.0	2761.0	6365.0	11415.0	18795.0	31229.0	50871.0	79016.0	115965.0	161136.0	215931.0	282813.0	372177.0	512084.0	804340.0	1855878.0	10203099.0
KS25_S6_L001_R2_001	17116.0	0.0	0.0	0.0	0.0	0.0	0.0	0.0	0.0	0.0	0.0	2.0	950.0	3057.0	4861.0	6865.0	9156.0	11871.0	16396.0	22822.0	32819.0	45801.0	64735.0	90329.0	122076.0	160678.0	207245.0	260356.0	327269.0	421687.0	573481.0	882548.0	1923587.0	9538104.0
KS25_S6_L002_R1_001	17384.0	0.0	0.0	0.0	0.0	0.0	0.0	1.0	3.0	28.0	179.0	539.0	228.0	130.0	128.0	174.0	268.0	784.0	2583.0	6046.0	11226.0	18204.0	30047.0	48918.0	76155.0	111709.0	156285.0	210005.0	276042.0	362443.0	499003.0	788928.0	1820474.0	10006916.0
KS25_S6_L002_R2_001	15918.0	0.0	0.0	0.0	0.0	0.0	0.0	0.0	0.0	0.0	0.0	1.0	1391.0	3656.0	5955.0	8902.0	12496.0	16228.0	21230.0	27768.0	37256.0	50615.0	69227.0	94981.0	127364.0	165004.0	209972.0	263223.0	331878.0	424389.0	576265.0	881915.0	1912811.0	9186385.0
KS25_S6_L003_R1_001	16779.0	0.0	0.0	0.0	0.0	0.0	0.0	0.0	0.0	2.0	1.0	20.0	14.0	17.0	29.0	44.0	143.0	659.0	2415.0	6007.0	11107.0	18487.0	30816.0	49962.0	77766.0	115491.0	161840.0	216809.0	285422.0	378317.0	521796.0	826332.0	1912438.0	9993618.0
KS25_S6_L003_R2_001	16720.0	0.0	0.0	0.0	0.0	0.0	0.0	0.0	0.0	0.0	0.0	0.0	1100.0	3305.0	5264.0	7108.0	9439.0	12293.0	16646.0	23208.0	32646.0	46567.0	65234.0	90734.0	124063.0	163426.0	209553.0	265195.0	333914.0	429772.0	582153.0	893939.0	1931105.0	9362947.0
KS25_S6_L004_R1_001	16023.0	0.0	0.0	0.0	0.0	0.0	0.0	0.0	3.0	6.0	94.0	257.0	42.0	41.0	44.0	82.0	216.0	805.0	2748.0	6291.0	11379.0	18840.0	30997.0	50144.0	78170.0	115493.0	161732.0	218086.0	285636.0	379893.0	524375.0	831284.0	1923043.0	9945412.0
KS25_S6_L004_R2_001	15333.0	0.0	0.0	0.0	0.0	0.0	0.0	0.0	0.0	0.0	0.0	0.0	1643.0	4497.0	7327.0	9936.0	13193.0	16783.0	22081.0	29133.0	40276.0	53993.0	73510.0	99859.0	134184.0	174034.0	221466.0	277679.0	350618.0	451381.0	613227.0	943281.0	2034737.0	9012965.0
KS26_S5_L001_R1_001	7601.0	0.0	0.0	0.0	0.0	0.0	0.0	0.0	1.0	4.0	34.0	109.0	310.0	303.0	227.0	315.0	472.0	854.0	2334.0	5751.0	11668.0	21083.0	36936.0	62869.0	100661.0	148846.0	208949.0	282053.0	370309.0	488018.0	671101.0	1056614.0	2468827.0	14813000.0
KS26_S5_L001_R2_001	6706.0	0.0	0.0	0.0	0.0	0.0	0.0	0.0	0.0	0.0	0.0	0.0	666.0	2515.0	4317.0	6354.0	8941.0	11874.0	16911.0	24307.0	35778.0	53127.0	78671.0	112663.0	155335.0	206885.0	267813.0	338817.0	426846.0	551685.0	755156.0	1181972.0	2662362.0	13849548.0
KS26_S5_L002_R1_001	7566.0	0.0	0.0	0.0	0.0	0.0	0.0	0.0	4.0	34.0	285.0	757.0	366.0	191.0	152.0	237.0	329.0	784.0	2330.0	5669.0	11438.0	20392.0	35445.0	60320.0	96162.0	143308.0	202294.0	272525.0	359324.0	473344.0	653914.0	1034480.0	2421678.0	14631968.0
KS26_S5_L002_R2_001	5564.0	0.0	0.0	0.0	0.0	0.0	0.0	0.0	0.0	0.0	0.0	1.0	1110.0	3230.0	5758.0	8805.0	12846.0	16847.0	22274.0	30458.0	42278.0	59416.0	84695.0	117754.0	161127.0	211759.0	271790.0	341731.0	430251.0	555102.0	756858.0	1184145.0	2664280.0	13447217.0
KS26_S5_L003_R1_001	5997.0	0.0	0.0	0.0	0.0	0.0	0.0	0.0	0.0	1.0	1.0	16.0	33.0	15.0	33.0	66.0	168.0	544.0	2079.0	5483.0	11365.0	20618.0	36299.0	61609.0	98531.0	148202.0	209160.0	282164.0	372347.0	491439.0	681184.0	1081370.0	2537226.0	14636211.0
KS26_S5_L003_R2_001	5877.0	0.0	0.0	0.0	0.0	0.0	0.0	0.0	0.0	0.0	0.0	0.0	753.0	2844.0	4858.0	6838.0	9352.0	12907.0	17582.0	25297.0	36907.0	54484.0	80075.0	114199.0	156659.0	209773.0	270074.0	343217.0	433188.0	558980.0	764410.0	1197442.0	2676479.0	13699966.0
KS26_S5_L004_R1_001	6136.0	0.0	0.0	0.0	0.0	0.0	0.0	0.0	2.0	21.0	101.0	369.0	62.0	69.0	63.0	110.0	241.0	747.0	2301.0	5738.0	11717.0	21022.0	36629.0	62469.0	99058.0	148227.0	210061.0	282799.0	373633.0	494197.0	685207.0	1092282.0	2558106.0	14627108.0
KS26_S5_L004_R2_001	5317.0	0.0	0.0	0.0	0.0	0.0	0.0	0.0	0.0	0.0	0.0	0.0	1323.0	4121.0	6971.0	10342.0	13999.0	18067.0	23833.0	32321.0	44831.0	63073.0	89237.0	124996.0	168866.0	222223.0	285228.0	361679.0	456333.0	591323.0	813040.0	1277298.0	2853029.0	13251025.0
KS27_S1_L001_R1_001	10404.0	0.0	0.0	0.0	0.0	0.0	0.0	0.0	1.0	15.0	35.0	92.0	244.0	290.0	215.0	312.0	427.0	829.0	2051.0	5133.0	10723.0	20203.0	36465.0	62819.0	100131.0	150267.0	212064.0	287090.0	378378.0	498555.0	689194.0	1086254.0	2522028.0	14000286.0
KS27_S1_L001_R2_001	9570.0	0.0	0.0	0.0	0.0	0.0	0.0	0.0	0.0	0.0	0.0	1.0	1299.0	3944.0	6148.0	8430.0	11149.0	14308.0	19178.0	26911.0	39168.0	56776.0	82596.0	117455.0	161957.0	215988.0	279276.0	354941.0	450557.0	587185.0	807134.0	1261197.0	2791566.0	12767771.0
KS27_S1_L002_R1_001	10710.0	0.0	0.0	0.0	0.0	0.0	0.0	0.0	7.0	29.0	268.0	761.0	322.0	191.0	175.0	197.0	279.0	724.0	1961.0	5019.0	10597.0	19343.0	35115.0	60417.0	96565.0	145441.0	204867.0	277770.0	367509.0	486105.0	673240.0	1066863.0	2486749.0	13714742.0
KS27_S1_L002_R2_001	8815.0	0.0	0.0	0.0	0.0	0.0	0.0	0.0	0.0	0.0	0.0	1.0	2004.0	5089.0	7641.0	11015.0	14774.0	19068.0	24986.0	33476.0	45656.0	63663.0	88508.0	123583.0	167631.0	220977.0	283000.0	358600.0	454937.0	590292.0	811205.0	1266878.0	2772732.0	12291435.0
KS27_S1_L003_R1_001	9017.0	0.0	0.0	0.0	0.0	0.0	0.0	0.0	0.0	0.0	3.0	15.0	31.0	27.0	36.0	56.0	153.0	479.0	1708.0	4875.0	10337.0	19749.0	35518.0	61547.0	99319.0	149362.0	211413.0	287593.0	381552.0	505298.0	702862.0	1116652.0	2608102.0	13732975.0
KS27_S1_L003_R2_001	8908.0	0.0	0.0	0.0	0.0	0.0	0.0	0.0	0.0	0.0	1.0	0.0	1553.0	4377.0	6892.0	9091.0	12050.0	15268.0	20313.0	28243.0	39182.0	57696.0	84080.0	119578.0	165531.0	219615.0	284544.0	362053.0	461385.0	600321.0	825800.0	1296936.0	2826549.0	12488713.0
KS27_S1_L004_R1_001	9270.0	0.0	0.0	0.0	0.0	0.0	0.0	0.0	3.0	21.0	102.0	348.0	80.0	66.0	78.0	111.0	222.0	648.0	1961.0	5095.0	10635.0	19821.0	35306.0	61762.0	99478.0	149185.0	212619.0	288550.0	383104.0	508173.0	705978.0	1126236.0	2629135.0	13685878.0
KS27_S1_L004_R2_001	8503.0	0.0	0.0	0.0	0.0	0.0	0.0	0.0	0.0	0.0	0.0	1.0	2087.0	5748.0	9072.0	12525.0	16077.0	20179.0	26446.0	35180.0	48360.0	67278.0	94577.0	131283.0	178633.0	235469.0	302484.0	383022.0	487932.0	634788.0	873726.0	1368327.0	2972374.0	12019794.0
KS28_S3_L001_R1_001	8658.0	0.0	0.0	0.0	0.0	0.0	0.0	0.0	1.0	9.0	38.0	134.0	314.0	328.0	279.0	332.0	410.0	929.0	2400.0	5762.0	11715.0	22030.0	39908.0	69801.0	113072.0	170005.0	240407.0	326891.0	431475.0	567473.0	783890.0	1238770.0	2886590.0	16681946.0
KS28_S3_L001_R2_001	7653.0	0.0	0.0	0.0	0.0	0.0	0.0	0.0	0.0	0.0	0.0	3.0	1009.0	3567.0	5688.0	8252.0	11028.0	14480.0	19738.0	27940.0	41247.0	60924.0	89441.0	130323.0	180550.0	242034.0	313318.0	400651.0	509768.0	665226.0	917038.0	1448344.0	3253954.0	15251391.0
KS28_S3_L002_R1_001	9617.0	0.0	0.0	0.0	0.0	0.0	1.0	0.0	6.0	40.0	314.0	855.0	375.0	217.0	195.0	294.0	331.0	820.0	2331.0	5511.0	11474.0	21704.0	38408.0	67372.0	108030.0	162664.0	232179.0	316784.0	418067.0	552108.0	765214.0	1211619.0	2831581.0	16392986.0
KS28_S3_L002_R2_001	7273.0	0.0	0.0	0.0	0.0	0.0	0.0	0.0	0.0	0.0	0.0	1.0	1702.0	4780.0	7872.0	11921.0	16094.0	20972.0	26820.0	35323.0	48866.0	68546.0	98216.0	136961.0	187591.0	248533.0	320878.0	406976.0	515638.0	670032.0	923233.0	1455604.0	3253473.0	14683792.0
KS28_S3_L003_R1_001	7713.0	0.0	0.0	0.0	0.0	0.0	0.0	0.0	0.0	1.0	2.0	13.0	31.0	19.0	30.0	68.0	155.0	557.0	2059.0	5386.0	11455.0	21662.0	39319.0	68332.0	111470.0	168074.0	239892.0	327573.0	434067.0	576245.0	799227.0	1272066.0	2981940.0	16439857.0
KS28_S3_L003_R2_001	7676.0	0.0	0.0	0.0	0.0	0.0	0.0	0.0	0.0	0.0	0.0	0.0	1179.0	3949.0	6649.0	9128.0	12206.0	15578.0	20973.0	29451.0	42396.0	62142.0	90994.0	131781.0	182558.0	245529.0	318756.0	407479.0	520111.0	678175.0	935475.0	1476806.0	3284666.0	15023556.0
KS28_S3_L004_R1_001	8043.0	0.0	0.0	0.0	0.0	0.0	0.0	0.0	3.0	20.0	128.0	408.0	75.0	74.0	76.0	135.0	294.0	715.0	2311.0	5903.0	11728.0	21883.0	39522.0	68139.0	111316.0	168144.0	239814.0	325723.0	433998.0	576760.0	804808.0	1277190.0	3001927.0	16346477.0
KS28_S3_L004_R2_001	7170.0	0.0	0.0	0.0	0.0	0.0	0.0	0.0	0.0	0.0	0.0	0.0	1886.0	5481.0	9177.0	13082.0	16715.0	21667.0	28094.0	37312.0	51531.0	72600.0	102401.0	143929.0	197321.0	261981.0	336954.0	430841.0	548859.0	716599.0	993370.0	1571498.0	3484165.0	14392981.0
KS29_S2_L001_R1_001	5808.0	0.0	0.0	0.0	0.0	0.0	0.0	0.0	2.0	4.0	34.0	85.0	276.0	302.0	226.0	255.0	385.0	820.0	2271.0	5262.0	10688.0	19194.0	34567.0	58854.0	94999.0	141149.0	199600.0	271134.0	357522.0	469566.0	645812.0	1012369.0	2363149.0	14208912.0
KS29_S2_L001_R2_001	5023.0	0.0	0.0	0.0	0.0	0.0	0.0	0.0	0.0	0.0	0.0	1.0	771.0	2776.0	4821.0	6838.0	9349.0	12170.0	16448.0	22994.0	33869.0	49732.0	73250.0	105774.0	146367.0	195351.0	254058.0	325636.0	412857.0	534443.0	737621.0	1156225.0	2611165.0	13185706.0
KS29_S2_L002_R1_001	6346.0	0.0	0.0	0.0	0.0	0.0	0.0	0.0	9.0	33.0	248.0	768.0	326.0	197.0	154.0	217.0	313.0	744.0	2143.0	5224.0	10484.0	18721.0	32890.0	56437.0	91180.0	136099.0	192240.0	261387.0	344590.0	453835.0	625242.0	987369.0	2304394.0	13963294.0
KS29_S2_L002_R2_001	4541.0	0.0	0.0	0.0	0.0	0.0	0.0	0.0	0.0	0.0	0.0	0.0	1354.0	3762.0	6258.0	9162.0	12305.0	16205.0	21281.0	28694.0	39254.0	55290.0	77672.0	110441.0	150211.0	198576.0	255533.0	323366.0	410691.0	530728.0	730137.0	1143826.0	2576470.0	12789127.0
KS29_S2_L003_R1_001	4746.0	0.0	0.0	0.0	0.0	0.0	0.0	0.0	1.0	1.0	3.0	22.0	20.0	19.0	27.0	51.0	161.0	541.0	1982.0	5136.0	10390.0	19030.0	33483.0	57636.0	93170.0	140377.0	199315.0	270262.0	357360.0	474173.0	655396.0	1036425.0	2431940.0	14039460.0
KS29_S2_L003_R2_001	4716.0	0.0	0.0	0.0	0.0	0.0	0.0	0.0	0.0	0.0	0.0	1.0	903.0	3207.0	5301.0	7645.0	10000.0	13046.0	17596.0	24474.0	34741.0	50291.0	73451.0	107252.0	148981.0	199267.0	258232.0	328437.0	418997.0	545484.0	749450.0	1177953.0	2638350.0	13013352.0
KS29_S2_L004_R1_001	5210.0	0.0	0.0	0.0	0.0	0.0	0.0	0.0	3.0	20.0	103.0	340.0	44.0	75.0	64.0	103.0	237.0	660.0	2178.0	5567.0	10572.0	19161.0	33736.0	58112.0	93091.0	140939.0	199962.0	270923.0	357764.0	474650.0	656965.0	1043947.0	2442402.0	13981166.0
KS29_S2_L004_R2_001	4461.0	0.0	0.0	0.0	0.0	0.0	0.0	0.0	0.0	0.0	0.0	0.0	1524.0	4572.0	7520.0	10714.0	13877.0	17526.0	22622.0	30705.0	41581.0	58493.0	83099.0	116539.0	158872.0	210696.0	272316.0	345317.0	440594.0	571219.0	789355.0	1245376.0	2781222.0	12569794.0
KS30_S4_L001_R1_001	10093.0	0.0	0.0	0.0	0.0	0.0	0.0	1.0	0.0	14.0	36.0	114.0	399.0	359.0	286.0	365.0	490.0	988.0	2580.0	6630.0	13550.0	25776.0	46199.0	78978.0	126379.0	187652.0	264409.0	356277.0	468721.0	618179.0	852310.0	1349139.0	3165625.0	17788878.0
KS30_S4_L001_R2_001	9153.0	0.0	0.0	0.0	0.0	0.0	0.0	0.0	0.0	0.0	0.0	0.0	1079.0	3623.0	6266.0	9129.0	12474.0	16709.0	22476.0	31959.0	46507.0	68146.0	99533.0	141853.0	196730.0	261989.0	339406.0	432169.0	549012.0	714939.0	983803.0	1551817.0	3463934.0	16401721.0
KS30_S4_L002_R1_001	10730.0	0.0	0.0	0.0	0.0	0.0	0.0	1.0	4.0	46.0	336.0	922.0	450.0	262.0	226.0	284.0	362.0	910.0	2493.0	6397.0	13559.0	24638.0	44188.0	75283.0	121294.0	180912.0	254742.0	344604.0	453399.0	598839.0	827725.0	1319790.0	3105400.0	17478020.0
KS30_S4_L002_R2_001	8392.0	0.0	0.0	0.0	0.0	0.0	0.0	0.0	0.0	0.0	0.0	1.0	1842.0	5014.0	8548.0	13059.0	18345.0	24033.0	30781.0	40335.0	55234.0	77042.0	108144.0	150837.0	204804.0	268747.0	345879.0	438575.0	552388.0	718817.0	990126.0	1553991.0	3457577.0	15793305.0
KS30_S4_L003_R1_001	8694.0	0.0	0.0	0.0	0.0	0.0	0.0	0.0	0.0	0.0	8.0	16.0	35.0	23.0	35.0	75.0	183.0	686.0	2354.0	6241.0	13134.0	24810.0	45410.0	78114.0	125006.0	186299.0	264138.0	356832.0	470491.0	624065.0	869080.0	1389225.0	3271910.0	17470124.0
KS30_S4_L003_R2_001	8647.0	0.0	0.0	0.0	0.0	0.0	0.0	0.0	0.0	0.0	0.0	1.0	1275.0	4335.0	6906.0	9900.0	13180.0	17050.0	23273.0	33134.0	46963.0	69352.0	100832.0	144418.0	197716.0	265293.0	343507.0	438307.0	557628.0	725130.0	999660.0	1574013.0	3486413.0	16140055.0
KS30_S4_L004_R1_001	9432.0	0.0	0.0	0.0	0.0	0.0	0.0	2.0	2.0	18.0	147.0	424.0	83.0	76.0	94.0	156.0	270.0	844.0	2490.0	6451.0	13383.0	25446.0	45462.0	77629.0	124625.0	186280.0	263633.0	356795.0	471881.0	625117.0	871442.0	1397219.0	3300192.0	17391455.0
KS30_S4_L004_R2_001	8545.0	0.0	0.0	0.0	0.0	0.0	0.0	0.0	0.0	0.0	0.0	0.0	2061.0	6041.0	10072.0	14284.0	19000.0	24311.0	31846.0	42446.0	58320.0	80379.0	112980.0	158019.0	214117.0	281476.0	363152.0	461209.0	586711.0	764458.0	1055750.0	1663899.0	3683291.0	15528681.0
