	20	21	22	23	24	25	26	27	28	29	30	31	32	33	34	35	36	37	38	39	40	41	42	43	44	45	46	47	48	49	50	51
001-F0_S3_L001_R1_001	66086.0	67541.0	69864.0	70440.0	71878.0	72805.0	75218.0	76493.0	79117.0	83820.0	85019.0	86586.0	88624.0	88218.0	89823.0	90084.0	90117.0	91881.0	94789.0	98028.0	100625.0	103986.0	106360.0	114760.0	127573.0	167253.0	262080.0	604738.0	1221911.0	2415039.0	3223367.0	11561269.0
	20	21	22	23	24	25	26	27	28	29	30	31	32	33	34	35	36	37	38	39	40	41	42	43	44	45	46	47	48	49	50	51
001-F0_S3_L001_R2_001	65850.0	67280.0	68943.0	70582.0	71713.0	72733.0	74462.0	76399.0	79154.0	82811.0	84810.0	86549.0	88090.0	87900.0	90188.0	89928.0	90372.0	92429.0	95392.0	98937.0	101233.0	105508.0	109114.0	117053.0	132887.0	173865.0	275866.0	624239.0	1253718.0	2529919.0	3428647.0	11105322.0
	20	21	22	23	24	25	26	27	28	29	30	31	32	33	34	35	36	37	38	39	40	41	42	43	44	45	46	47	48	49	50	51
001-F0_S3_L002_R1_001	63275.0	64944.0	66851.0	67581.0	68637.0	69468.0	72004.0	73451.0	76002.0	80172.0	81085.0	83300.0	84701.0	84694.0	86143.0	86087.0	85814.0	88476.0	89692.0	94021.0	96007.0	99722.0	102143.0	109075.0	122202.0	159690.0	248457.0	577086.0	1163767.0	2294900.0	3064858.0	11101708.0
	20	21	22	23	24	25	26	27	28	29	30	31	32	33	34	35	36	37	38	39	40	41	42	43	44	45	46	47	48	49	50	51
001-F0_S3_L002_R2_001	62865.0	64968.0	66806.0	67424.0	68518.0	69669.0	71635.0	73672.0	75714.0	80358.0	80987.0	83111.0	85071.0	84424.0	86328.0	86344.0	86971.0	88868.0	91126.0	94894.0	97771.0	101194.0	104613.0	113047.0	128391.0	168943.0	266378.0	598627.0	1199896.0	2402439.0	3247043.0	10648607.0
	20	21	22	23	24	25	26	27	28	29	30	31	32	33	34	35	36	37	38	39	40	41	42	43	44	45	46	47	48	49	50	51
001-F0_S3_L003_R1_001	67693.0	68144.0	70413.0	71680.0	72208.0	73754.0	75679.0	78045.0	80419.0	84447.0	85830.0	87907.0	89961.0	89845.0	91371.0	91376.0	92169.0	93349.0	96294.0	99480.0	101993.0	105217.0	107613.0	115488.0	129896.0	168431.0	264290.0	610012.0	1231696.0	2436699.0	3256987.0	11649649.0
	20	21	22	23	24	25	26	27	28	29	30	31	32	33	34	35	36	37	38	39	40	41	42	43	44	45	46	47	48	49	50	51
001-F0_S3_L003_R2_001	66855.0	67999.0	69779.0	71058.0	72227.0	73620.0	75167.0	77706.0	80206.0	84149.0	85404.0	88297.0	89299.0	89881.0	91568.0	91607.0	91658.0	94130.0	96981.0	100157.0	102635.0	106680.0	109144.0	118723.0	133603.0	175012.0	276040.0	626087.0	1260238.0	2532853.0	3420177.0	11286046.0
	20	21	22	23	24	25	26	27	28	29	30	31	32	33	34	35	36	37	38	39	40	41	42	43	44	45	46	47	48	49	50	51
001-F0_S3_L004_R1_001	62396.0	63898.0	65972.0	67015.0	68056.0	68596.0	71354.0	72329.0	75098.0	79141.0	80538.0	81086.0	83417.0	83003.0	85238.0	85317.0	84981.0	87404.0	89556.0	92833.0	94716.0	98105.0	101011.0	107283.0	120973.0	157823.0	245858.0	570168.0	1157175.0	2284212.0	3033952.0	11035227.0
	20	21	22	23	24	25	26	27	28	29	30	31	32	33	34	35	36	37	38	39	40	41	42	43	44	45	46	47	48	49	50	51
001-F0_S3_L004_R2_001	62397.0	63870.0	65826.0	66934.0	67875.0	69101.0	70484.0	72223.0	74498.0	79373.0	79988.0	81208.0	83799.0	83224.0	85266.0	85775.0	85256.0	88167.0	90115.0	93332.0	96288.0	99982.0	102364.0	111194.0	126463.0	165396.0	262252.0	593857.0	1192578.0	2393984.0	3225719.0	10592694.0
	20	21	22	23	24	25	26	27	28	29	30	31	32	33	34	35	36	37	38	39	40	41	42	43	44	45	46	47	48	49	50	51
001-F5_S2_L001_R1_001	52056.0	53846.0	55203.0	56715.0	58055.0	59184.0	60476.0	62881.0	64968.0	68851.0	70294.0	71625.0	73711.0	73566.0	74816.0	75063.0	75855.0	77455.0	79877.0	83142.0	86031.0	88456.0	90753.0	96804.0	110279.0	145922.0	231448.0	544838.0	1112689.0	2211755.0	2964466.0	10804908.0
	20	21	22	23	24	25	26	27	28	29	30	31	32	33	34	35	36	37	38	39	40	41	42	43	44	45	46	47	48	49	50	51
001-F5_S2_L001_R2_001	52158.0	53796.0	55693.0	56047.0	58446.0	58934.0	61081.0	62682.0	65262.0	69140.0	69737.0	71758.0	73807.0	73905.0	74480.0	75271.0	76198.0	77841.0	81127.0	83846.0	86656.0	89951.0	91926.0	99971.0	114589.0	152135.0	243610.0	563027.0	1138885.0	2301813.0	3139359.0	10410063.0
	20	21	22	23	24	25	26	27	28	29	30	31	32	33	34	35	36	37	38	39	40	41	42	43	44	45	46	47	48	49	50	51
001-F5_S2_L002_R1_001	49858.0	51670.0	53524.0	54219.0	55464.0	56333.0	57823.0	59501.0	61869.0	65955.0	66710.0	68704.0	69878.0	70115.0	71197.0	72133.0	71746.0	74425.0	76644.0	79367.0	81759.0	84702.0	86541.0	92707.0	105253.0	138760.0	220623.0	519427.0	1061292.0	2097296.0	2815077.0	10369718.0
	20	21	22	23	24	25	26	27	28	29	30	31	32	33	34	35	36	37	38	39	40	41	42	43	44	45	46	47	48	49	50	51
001-F5_S2_L002_R2_001	49998.0	51820.0	53284.0	54521.0	55957.0	56509.0	57788.0	60098.0	62315.0	66000.0	67466.0	68434.0	70350.0	69898.0	72377.0	72009.0	72635.0	74899.0	77454.0	80435.0	83500.0	86420.0	88634.0	96324.0	110444.0	147096.0	236091.0	539132.0	1092303.0	2188705.0	2970999.0	9967379.0
	20	21	22	23	24	25	26	27	28	29	30	31	32	33	34	35	36	37	38	39	40	41	42	43	44	45	46	47	48	49	50	51
001-F5_S2_L003_R1_001	52335.0	53471.0	55461.0	56797.0	58074.0	59043.0	60845.0	62818.0	65154.0	68430.0	70298.0	71866.0	73982.0	74012.0	75267.0	76131.0	76000.0	78611.0	81096.0	84525.0	86683.0	89589.0	92156.0	98595.0	111452.0	147267.0	234044.0	549902.0	1123501.0	2235367.0	3004578.0	10914543.0
	20	21	22	23	24	25	26	27	28	29	30	31	32	33	34	35	36	37	38	39	40	41	42	43	44	45	46	47	48	49	50	51
001-F5_S2_L003_R2_001	52079.0	53630.0	55377.0	56560.0	57963.0	59160.0	60794.0	63138.0	64765.0	68586.0	70331.0	72094.0	74117.0	74130.0	75558.0	75654.0	76393.0	79292.0	81513.0	85090.0	87380.0	91197.0	93774.0	100495.0	114588.0	153097.0	244497.0	563913.0	1149775.0	2315646.0	3135888.0	10602042.0
	20	21	22	23	24	25	26	27	28	29	30	31	32	33	34	35	36	37	38	39	40	41	42	43	44	45	46	47	48	49	50	51
001-F5_S2_L004_R1_001	48805.0	49982.0	52190.0	53406.0	54267.0	54933.0	56516.0	58652.0	60530.0	64017.0	65346.0	67299.0	69291.0	68782.0	69548.0	70539.0	71079.0	72535.0	75824.0	78680.0	81028.0	83661.0	85370.0	91710.0	103389.0	136739.0	216946.0	512778.0	1050332.0	2079389.0	2781674.0	10278843.0
	20	21	22	23	24	25	26	27	28	29	30	31	32	33	34	35	36	37	38	39	40	41	42	43	44	45	46	47	48	49	50	51
001-F5_S2_L004_R2_001	48821.0	50271.0	52343.0	53512.0	54214.0	55260.0	56738.0	58747.0	61020.0	64336.0	65643.0	67354.0	68855.0	69109.0	70368.0	70696.0	71666.0	73284.0	76432.0	79172.0	82479.0	84984.0	87402.0	94629.0	107852.0	143533.0	229850.0	532782.0	1081618.0	2174056.0	2948185.0	9887300.0
	20	21	22	23	24	25	26	27	28	29	30	31	32	33	34	35	36	37	38	39	40	41	42	43	44	45	46	47	48	49	50
004-F0_S5_L001_R1_001	31031.0	31998.0	32694.0	33427.0	34057.0	34766.0	36231.0	37277.0	38872.0	41043.0	41836.0	43217.0	43952.0	44449.0	44933.0	45802.0	46013.0	47498.0	50467.0	53026.0	54489.0	58025.0	62013.0	72877.0	104923.0	174631.0	419058.0	875801.0	1722100.0	2311780.0	8791361.0
	20	21	22	23	24	25	26	27	28	29	30	31	32	33	34	35	36	37	38	39	40	41	42	43	44	45	46	47	48	49	50
004-F0_S5_L001_R2_001	31131.0	32041.0	32572.0	33535.0	34117.0	34982.0	36227.0	37494.0	38670.0	41415.0	42041.0	43037.0	44276.0	44364.0	44998.0	46462.0	46297.0	48564.0	50751.0	53793.0	55179.0	59998.0	63655.0	76755.0	111990.0	186569.0	437777.0	901376.0	1777602.0	2423405.0	8498099.0
	20	21	22	23	24	25	26	27	28	29	30	31	32	33	34	35	36	37	38	39	40	41	42	43	44	45	46	47	48	49	50
004-F0_S5_L002_R1_001	30236.0	30992.0	31782.0	32306.0	33039.0	33702.0	35113.0	36477.0	37666.0	39961.0	41057.0	42005.0	42677.0	43409.0	44327.0	45092.0	45059.0	46642.0	48520.0	52010.0	53589.0	57051.0	60375.0	71242.0	103673.0	171870.0	414955.0	866559.0	1700212.0	2281737.0	8690644.0
	20	21	22	23	24	25	26	27	28	29	30	31	32	33	34	35	36	37	38	39	40	41	42	43	44	45	46	47	48	49	50
004-F0_S5_L002_R2_001	30304.0	31026.0	31924.0	32482.0	33148.0	34239.0	35077.0	36706.0	37708.0	40096.0	41166.0	42155.0	42909.0	43348.0	44401.0	45897.0	45124.0	47671.0	49247.0	52862.0	54962.0	58855.0	63520.0	76365.0	110807.0	186063.0	436675.0	894889.0	1761667.0	2402541.0	8364446.0
	20	21	22	23	24	25	26	27	28	29	30	31	32	33	34	35	36	37	38	39	40	41	42	43	44	45	46	47	48	49	50
004-F0_S5_L003_R1_001	30548.0	30937.0	31801.0	32348.0	33248.0	34283.0	35545.0	37306.0	38212.0	40525.0	41760.0	42788.0	43781.0	43954.0	44930.0	45290.0	45791.0	47584.0	49576.0	52587.0	54144.0	58626.0	61608.0	73113.0	106123.0	176096.0	424940.0	887174.0	1737382.0	2330812.0	8809529.0
	20	21	22	23	24	25	26	27	28	29	30	31	32	33	34	35	36	37	38	39	40	41	42	43	44	45	46	47	48	49	50
004-F0_S5_L003_R2_001	30854.0	30999.0	32203.0	32824.0	33383.0	34670.0	35676.0	37274.0	38355.0	40903.0	42079.0	42886.0	44040.0	44133.0	45351.0	46104.0	45883.0	48597.0	49824.0	53515.0	55269.0	60239.0	64472.0	77318.0	112039.0	187696.0	440990.0	911187.0	1796358.0	2448128.0	8528503.0
	20	21	22	23	24	25	26	27	28	29	30	31	32	33	34	35	36	37	38	39	40	41	42	43	44	45	46	47	48	49	50
004-F0_S5_L004_R1_001	30091.0	30551.0	31738.0	32322.0	32819.0	33904.0	34950.0	35959.0	37379.0	39618.0	40753.0	41857.0	42686.0	43196.0	44158.0	45179.0	44894.0	47164.0	48878.0	51551.0	53515.0	57043.0	60486.0	71346.0	104956.0	174053.0	419721.0	876856.0	1720055.0	2312998.0	8769890.0
	20	21	22	23	24	25	26	27	28	29	30	31	32	33	34	35	36	37	38	39	40	41	42	43	44	45	46	47	48	49	50
004-F0_S5_L004_R2_001	30122.0	30917.0	31931.0	32864.0	33069.0	34254.0	35007.0	36495.0	37813.0	40084.0	40903.0	42024.0	42993.0	43462.0	44476.0	45759.0	45907.0	48050.0	49980.0	53137.0	55438.0	59561.0	64064.0	76810.0	112789.0	189604.0	442329.0	910687.0	1794769.0	2446591.0	8418336.0
	20	21	22	23	24	25	26	27	28	29	30	31	32	33	34	35	36	37	38	39	40	41	42	43	44	45	46	47	48	49	50
004-F5_S4_L001_R1_001	35496.0	36538.0	37356.0	38068.0	38741.0	39798.0	41135.0	43076.0	43927.0	46455.0	47938.0	49083.0	49910.0	50078.0	50922.0	51940.0	52630.0	55192.0	56859.0	59868.0	62062.0	65271.0	68988.0	80089.0	112182.0	181721.0	428569.0	888896.0	1736591.0	2305634.0	8632470.0
	20	21	22	23	24	25	26	27	28	29	30	31	32	33	34	35	36	37	38	39	40	41	42	43	44	45	46	47	48	49	50
004-F5_S4_L001_R2_001	35425.0	36476.0	37215.0	38173.0	39007.0	39948.0	41272.0	42951.0	44220.0	46714.0	47704.0	48995.0	50138.0	50230.0	51089.0	52557.0	52949.0	55340.0	57231.0	60396.0	63019.0	66810.0	70902.0	83757.0	118305.0	193149.0	448085.0	912671.0	1791370.0	2409363.0	8354214.0
	20	21	22	23	24	25	26	27	28	29	30	31	32	33	34	35	36	37	38	39	40	41	42	43	44	45	46	47	48	49	50
004-F5_S4_L002_R1_001	34373.0	35261.0	36333.0	36883.0	37789.0	38845.0	40192.0	41681.0	43333.0	46155.0	46880.0	48239.0	49422.0	49212.0	49858.0	51038.0	51798.0	53861.0	55329.0	58270.0	60567.0	63776.0	67518.0	78354.0	110797.0	179522.0	422727.0	877055.0	1710387.0	2271384.0	8512282.0
	20	21	22	23	24	25	26	27	28	29	30	31	32	33	34	35	36	37	38	39	40	41	42	43	44	45	46	47	48	49	50
004-F5_S4_L002_R2_001	34421.0	35049.0	36361.0	37207.0	37965.0	39092.0	40364.0	41689.0	43845.0	45627.0	47056.0	48119.0	49112.0	49796.0	49870.0	51626.0	52323.0	54415.0	56228.0	59292.0	61461.0	65172.0	70105.0	82812.0	116865.0	193304.0	443125.0	903342.0	1771926.0	2384103.0	8205682.0
	20	21	22	23	24	25	26	27	28	29	30	31	32	33	34	35	36	37	38	39	40	41	42	43	44	45	46	47	48	49	50
004-F5_S4_L003_R1_001	35310.0	36196.0	36766.0	37441.0	38492.0	39865.0	41022.0	42197.0	44690.0	46808.0	47718.0	49012.0	50372.0	50313.0	51287.0	52311.0	52464.0	54528.0	56909.0	60308.0	62048.0	66029.0	69727.0	80460.0	113857.0	183837.0	435238.0	898030.0	1753019.0	2324640.0	8636720.0
	20	21	22	23	24	25	26	27	28	29	30	31	32	33	34	35	36	37	38	39	40	41	42	43	44	45	46	47	48	49	50
004-F5_S4_L003_R2_001	35300.0	36162.0	36831.0	37880.0	38761.0	40101.0	40911.0	42702.0	44242.0	47135.0	47659.0	49260.0	50399.0	50711.0	51754.0	52300.0	52872.0	55224.0	57613.0	61115.0	63025.0	67575.0	72074.0	84273.0	119185.0	194843.0	453267.0	924721.0	1809736.0	2436514.0	8364862.0
	20	21	22	23	24	25	26	27	28	29	30	31	32	33	34	35	36	37	38	39	40	41	42	43	44	45	46	47	48	49	50
004-F5_S4_L004_R1_001	34476.0	35492.0	36424.0	36907.0	37695.0	38625.0	40094.0	41755.0	43597.0	45773.0	46722.0	48172.0	49405.0	49171.0	50238.0	51280.0	51601.0	53667.0	56066.0	59110.0	60910.0	64888.0	67784.0	79182.0	111259.0	180495.0	429119.0	885970.0	1733658.0	2302081.0	8585988.0
	20	21	22	23	24	25	26	27	28	29	30	31	32	33	34	35	36	37	38	39	40	41	42	43	44	45	46	47	48	49	50
004-F5_S4_L004_R2_001	34747.0	35482.0	36345.0	37590.0	37991.0	38894.0	40305.0	42035.0	43539.0	46140.0	47311.0	48145.0	49774.0	49549.0	50609.0	51403.0	52293.0	54507.0	56886.0	60179.0	62307.0	66687.0	71386.0	83800.0	120198.0	195796.0	451972.0	920650.0	1806987.0	2428662.0	8248814.0
	20	21	22	23	24	25	26	27	28	29	30	31	32	33	34	35	36	37	38	39	40	41	42	43	44	45	46	47	48	49	50
004-primary_S1_L001_R1_001	64111.0	66761.0	68973.0	70906.0	72826.0	74173.0	76505.0	79439.0	83013.0	87078.0	88807.0	92502.0	94269.0	95321.0	95538.0	96747.0	98770.0	102432.0	106548.0	112465.0	115220.0	119868.0	126689.0	145443.0	194685.0	320793.0	761694.0	1582695.0	3107653.0	4081381.0	15268848.0
	20	21	22	23	24	25	26	27	28	29	30	31	32	33	34	35	36	37	38	39	40	41	42	43	44	45	46	47	48	49	50
004-primary_S1_L001_R2_001	64223.0	67039.0	69233.0	71046.0	73165.0	74291.0	76953.0	79709.0	82715.0	87367.0	89361.0	92254.0	94648.0	95304.0	96326.0	96966.0	98666.0	103624.0	107474.0	113310.0	117140.0	122322.0	130259.0	151450.0	205149.0	340075.0	791564.0	1626856.0	3200353.0	4264109.0	14785372.0
	20	21	22	23	24	25	26	27	28	29	30	31	32	33	34	35	36	37	38	39	40	41	42	43	44	45	46	47	48	49	50
004-primary_S1_L002_R1_001	62753.0	64673.0	67063.0	68850.0	70616.0	72397.0	74678.0	77761.0	80455.0	85637.0	87500.0	91455.0	91973.0	93239.0	93722.0	94986.0	96625.0	100744.0	105299.0	110034.0	112881.0	117585.0	123923.0	142364.0	192281.0	318157.0	752982.0	1567859.0	3072305.0	4028845.0	15097324.0
	20	21	22	23	24	25	26	27	28	29	30	31	32	33	34	35	36	37	38	39	40	41	42	43	44	45	46	47	48	49	50
004-primary_S1_L002_R2_001	62625.0	64679.0	67122.0	69053.0	71097.0	72633.0	75313.0	77663.0	81302.0	85613.0	87480.0	90724.0	92785.0	93427.0	94119.0	95216.0	97352.0	101937.0	106277.0	111632.0	114969.0	120184.0	128565.0	149606.0	205491.0	340787.0	788548.0	1614235.0	3179065.0	4237839.0	14545225.0
	20	21	22	23	24	25	26	27	28	29	30	31	32	33	34	35	36	37	38	39	40	41	42	43	44	45	46	47	48	49	50
004-primary_S1_L003_R1_001	63368.0	65813.0	67958.0	70306.0	72477.0	73642.0	76248.0	79256.0	81889.0	86653.0	89189.0	92358.0	93666.0	94868.0	95573.0	96882.0	98906.0	103229.0	107378.0	112239.0	115795.0	119840.0	126827.0	145661.0	197326.0	325634.0	769816.0	1601087.0	3136333.0	4118119.0	15286110.0
	20	21	22	23	24	25	26	27	28	29	30	31	32	33	34	35	36	37	38	39	40	41	42	43	44	45	46	47	48	49	50
004-primary_S1_L003_R2_001	63723.0	65755.0	68173.0	70733.0	72962.0	74466.0	76826.0	79314.0	82820.0	86869.0	89213.0	92409.0	94427.0	94912.0	96315.0	97247.0	99619.0	103949.0	107955.0	113759.0	117659.0	122556.0	130171.0	151412.0	206666.0	343716.0	799028.0	1643014.0	3239728.0	4309864.0	14818369.0
	20	21	22	23	24	25	26	27	28	29	30	31	32	33	34	35	36	37	38	39	40	41	42	43	44	45	46	47	48	49	50
004-primary_S1_L004_R1_001	62438.0	64380.0	67108.0	69049.0	71188.0	72039.0	75105.0	77266.0	80980.0	85735.0	87433.0	91467.0	92563.0	93291.0	94120.0	94864.0	97186.0	100282.0	105138.0	110387.0	113003.0	117646.0	124072.0	143283.0	193598.0	319829.0	758901.0	1582444.0	3110693.0	4081724.0	15233081.0
	20	21	22	23	24	25	26	27	28	29	30	31	32	33	34	35	36	37	38	39	40	41	42	43	44	45	46	47	48	49	50
004-primary_S1_L004_R2_001	62435.0	65017.0	67718.0	69342.0	71791.0	73182.0	75673.0	77740.0	81072.0	86368.0	88018.0	91586.0	93017.0	94403.0	94812.0	96002.0	97664.0	102408.0	106460.0	112031.0	115650.0	120982.0	129784.0	151107.0	208340.0	346588.0	801639.0	1640177.0	3236924.0	4311146.0	14633584.0
	20	21	22	23	24	25	26	27	28	29	30	31	32	33	34	35	36	37	38	39	40	41	42	43	44	45	46	47	48	49	50
005-F0_S3_L001_R1_001	50409.0	51835.0	53362.0	53775.0	55689.0	57183.0	59595.0	62180.0	64841.0	68992.0	70238.0	72157.0	73290.0	73061.0	74334.0	75472.0	76930.0	80234.0	83613.0	87265.0	89610.0	93417.0	97928.0	112621.0	152368.0	247157.0	580176.0	1204007.0	2351417.0	3081894.0	11545231.0
	20	21	22	23	24	25	26	27	28	29	30	31	32	33	34	35	36	37	38	39	40	41	42	43	44	45	46	47	48	49	50
005-F0_S3_L001_R2_001	50507.0	51614.0	53449.0	54247.0	55884.0	57465.0	59884.0	62421.0	64649.0	68638.0	69983.0	72336.0	73278.0	73368.0	74729.0	75185.0	77226.0	80738.0	83525.0	87490.0	90499.0	95425.0	100528.0	115920.0	159061.0	259027.0	597062.0	1225557.0	2406534.0	3210868.0	11235575.0
	20	21	22	23	24	25	26	27	28	29	30	31	32	33	34	35	36	37	38	39	40	41	42	43	44	45	46	47	48	49	50
005-F0_S3_L002_R1_001	49393.0	50194.0	51806.0	52798.0	54369.0	55959.0	57946.0	60803.0	62830.0	67513.0	68509.0	70899.0	71783.0	72001.0	72689.0	73966.0	75055.0	78377.0	81684.0	85429.0	87429.0	91820.0	96281.0	110327.0	150423.0	243274.0	572763.0	1188668.0	2317088.0	3037737.0	11390445.0
	20	21	22	23	24	25	26	27	28	29	30	31	32	33	34	35	36	37	38	39	40	41	42	43	44	45	46	47	48	49	50
005-F0_S3_L002_R2_001	49543.0	50021.0	51943.0	52584.0	54583.0	56408.0	58338.0	60676.0	63193.0	67238.0	68894.0	70614.0	71722.0	71740.0	73152.0	73755.0	75544.0	79012.0	82239.0	86195.0	88506.0	93375.0	99261.0	114209.0	157370.0	256932.0	592965.0	1215448.0	2380825.0	3178198.0	11042616.0
	20	21	22	23	24	25	26	27	28	29	30	31	32	33	34	35	36	37	38	39	40	41	42	43	44	45	46	47	48	49	50
005-F0_S3_L003_R1_001	49926.0	51142.0	52993.0	54247.0	55546.0	56743.0	59352.0	62299.0	64746.0	68073.0	70278.0	71678.0	73462.0	73674.0	74803.0	75820.0	77371.0	80261.0	83674.0	87703.0	89756.0	94192.0	99300.0	113457.0	154765.0	251578.0	589699.0	1221269.0	2380988.0	3119379.0	11611453.0
	20	21	22	23	24	25	26	27	28	29	30	31	32	33	34	35	36	37	38	39	40	41	42	43	44	45	46	47	48	49	50
005-F0_S3_L003_R2_001	49605.0	51325.0	53173.0	54360.0	55704.0	57339.0	59956.0	61998.0	64594.0	68504.0	70004.0	72031.0	73563.0	73858.0	75119.0	76520.0	77208.0	80716.0	84729.0	88394.0	91139.0	95762.0	101362.0	117359.0	159958.0	261978.0	605994.0	1243805.0	2444445.0	3251513.0	11315054.0
	20	21	22	23	24	25	26	27	28	29	30	31	32	33	34	35	36	37	38	39	40	41	42	43	44	45	46	47	48	49	50
005-F0_S3_L004_R1_001	49436.0	50804.0	51795.0	52868.0	54174.0	55817.0	58527.0	60955.0	63304.0	67446.0	68737.0	71049.0	71724.0	71972.0	73437.0	74680.0	75382.0	78787.0	81880.0	86193.0	88003.0	92899.0	97022.0	111252.0	151545.0	247546.0	578777.0	1203991.0	2351265.0	3083695.0	11511410.0
	20	21	22	23	24	25	26	27	28	29	30	31	32	33	34	35	36	37	38	39	40	41	42	43	44	45	46	47	48	49	50
005-F0_S3_L004_R2_001	49242.0	51226.0	52049.0	53246.0	54620.0	56440.0	58576.0	60848.0	63472.0	68039.0	68903.0	70901.0	72434.0	72372.0	73867.0	75483.0	75640.0	80260.0	82502.0	87297.0	90127.0	94209.0	100421.0	116311.0	160951.0	261668.0	603895.0	1234229.0	2429160.0	3240085.0	11134602.0
	20	21	22	23	24	25	26	27	28	29	30	31	32	33	34	35	36	37	38	39	40	41	42	43	44	45	46	47	48	49	50
005-F5_S2_L001_R1_001	31629.0	32303.0	33727.0	34332.0	35339.0	36069.0	37720.0	39273.0	40732.0	42887.0	44307.0	46037.0	46566.0	46803.0	48194.0	48804.0	49559.0	51672.0	54260.0	57371.0	59824.0	63492.0	67389.0	80801.0	117762.0	200165.0	492380.0	1036620.0	2041084.0	2706494.0	10173157.0
	20	21	22	23	24	25	26	27	28	29	30	31	32	33	34	35	36	37	38	39	40	41	42	43	44	45	46	47	48	49	50
005-F5_S2_L001_R2_001	31730.0	32585.0	33765.0	34445.0	35444.0	36363.0	37848.0	38906.0	40874.0	43515.0	44461.0	46000.0	46989.0	46567.0	48291.0	49616.0	49678.0	52477.0	54555.0	57993.0	60750.0	64998.0	70048.0	84255.0	123213.0	210359.0	507039.0	1056820.0	2099088.0	2827068.0	9880942.0
	20	21	22	23	24	25	26	27	28	29	30	31	32	33	34	35	36	37	38	39	40	41	42	43	44	45	46	47	48	49	50
005-F5_S2_L002_R1_001	31099.0	31650.0	32930.0	33769.0	34173.0	35695.0	36498.0	38376.0	39870.0	42242.0	43190.0	44870.0	45875.0	45977.0	47137.0	48107.0	48414.0	51364.0	53546.0	56652.0	58361.0	62304.0	66830.0	79055.0	115989.0	197747.0	486633.0	1026280.0	2020269.0	2674060.0	10067066.0
	20	21	22	23	24	25	26	27	28	29	30	31	32	33	34	35	36	37	38	39	40	41	42	43	44	45	46	47	48	49	50
005-F5_S2_L002_R2_001	31004.0	32025.0	32796.0	33975.0	34541.0	35647.0	37091.0	38134.0	40272.0	42488.0	43186.0	44890.0	46112.0	46074.0	47883.0	48288.0	49437.0	51597.0	54112.0	57650.0	59632.0	64485.0	69763.0	83905.0	122209.0	211478.0	507306.0	1053371.0	2082753.0	2811524.0	9726134.0
	20	21	22	23	24	25	26	27	28	29	30	31	32	33	34	35	36	37	38	39	40	41	42	43	44	45	46	47	48	49	50
005-F5_S2_L003_R1_001	31471.0	32629.0	33634.0	34409.0	35122.0	35886.0	37696.0	38838.0	40735.0	43565.0	44474.0	46114.0	46997.0	46880.0	48152.0	49327.0	49791.0	52546.0	54612.0	57884.0	59990.0	63900.0	68051.0	81283.0	118542.0	203042.0	498087.0	1048564.0	2064733.0	2732945.0	10202945.0
	20	21	22	23	24	25	26	27	28	29	30	31	32	33	34	35	36	37	38	39	40	41	42	43	44	45	46	47	48	49	50
005-F5_S2_L003_R2_001	31756.0	32539.0	33871.0	34624.0	35155.0	36461.0	37773.0	39336.0	41200.0	43755.0	44744.0	45835.0	47582.0	46958.0	48456.0	49782.0	50397.0	53103.0	55353.0	58543.0	60909.0	65642.0	70408.0	84951.0	124371.0	212710.0	514802.0	1069588.0	2124608.0	2860713.0	9918339.0
	20	21	22	23	24	25	26	27	28	29	30	31	32	33	34	35	36	37	38	39	40	41	42	43	44	45	46	47	48	49	50
005-F5_S2_L004_R1_001	31011.0	31729.0	32671.0	33912.0	34478.0	35949.0	37280.0	38714.0	39914.0	42467.0	43989.0	45047.0	46048.0	46450.0	47505.0	48702.0	48998.0	51073.0	54002.0	56699.0	59111.0	62861.0	66845.0	79393.0	116994.0	201249.0	493173.0	1039739.0	2047537.0	2710371.0	10157350.0
	20	21	22	23	24	25	26	27	28	29	30	31	32	33	34	35	36	37	38	39	40	41	42	43	44	45	46	47	48	49	50
005-F5_S2_L004_R2_001	30826.0	31974.0	33231.0	33869.0	35127.0	36248.0	37881.0	39067.0	40275.0	42977.0	44189.0	45514.0	46629.0	47225.0	47897.0	49264.0	49771.0	52280.0	54802.0	58411.0	60821.0	65800.0	70095.0	85113.0	125918.0	215283.0	516865.0	1071513.0	2124977.0	2862763.0	9785002.0
	20	21	22	23	24	25	26	27	28	29	30	31	32	33	34	35	36	37	38	39	40	41	42	43	44	45	46	47	48	49	50
005-primary_S6_L001_R1_001	77188.0	79375.0	81328.0	82829.0	85518.0	86121.0	89299.0	91722.0	95628.0	101204.0	102622.0	105784.0	106837.0	107364.0	107895.0	108607.0	110709.0	115286.0	120405.0	125399.0	129127.0	133306.0	140561.0	159721.0	213732.0	351251.0	825220.0	1717906.0	3362324.0	4453643.0	16888330.0
	20	21	22	23	24	25	26	27	28	29	30	31	32	33	34	35	36	37	38	39	40	41	42	43	44	45	46	47	48	49	50
005-primary_S6_L001_R2_001	77288.0	79575.0	81781.0	83010.0	85433.0	86751.0	89271.0	92356.0	96178.0	101386.0	101642.0	106023.0	107252.0	107294.0	107966.0	108946.0	110992.0	116107.0	121452.0	126885.0	130797.0	136232.0	144079.0	166733.0	224914.0	370372.0	851543.0	1759410.0	3460674.0	4657132.0	16372208.0
	20	21	22	23	24	25	26	27	28	29	30	31	32	33	34	35	36	37	38	39	40	41	42	43	44	45	46	47	48	49	50
005-primary_S6_L002_R1_001	75935.0	77769.0	79566.0	80737.0	83409.0	84246.0	86622.0	90235.0	93446.0	97999.0	100068.0	103508.0	104808.0	104891.0	105653.0	105952.0	108643.0	113233.0	118331.0	123674.0	126720.0	131363.0	137888.0	157624.0	211375.0	345948.0	812104.0	1698535.0	3317104.0	4387812.0	16672822.0
	20	21	22	23	24	25	26	27	28	29	30	31	32	33	34	35	36	37	38	39	40	41	42	43	44	45	46	47	48	49	50
005-primary_S6_L002_R2_001	75871.0	77736.0	79890.0	81447.0	83320.0	84421.0	87876.0	90086.0	93486.0	98692.0	99729.0	103962.0	104402.0	105331.0	105468.0	106636.0	109327.0	114235.0	119389.0	125101.0	128472.0	134282.0	142829.0	165030.0	223669.0	370136.0	850688.0	1743345.0	3429852.0	4619735.0	16079331.0
	20	21	22	23	24	25	26	27	28	29	30	31	32	33	34	35	36	37	38	39	40	41	42	43	44	45	46	47	48	49	50
005-primary_S6_L003_R1_001	77145.0	79423.0	81141.0	82700.0	85065.0	86209.0	88596.0	92415.0	95840.0	101130.0	103043.0	106517.0	107400.0	108138.0	107911.0	109016.0	111572.0	116058.0	121608.0	126492.0	130108.0	135304.0	141752.0	161341.0	217265.0	356186.0	836560.0	1741627.0	3404216.0	4497146.0	16951674.0
	20	21	22	23	24	25	26	27	28	29	30	31	32	33	34	35	36	37	38	39	40	41	42	43	44	45	46	47	48	49	50
005-primary_S6_L003_R2_001	77314.0	79191.0	81474.0	83394.0	85562.0	86605.0	89462.0	92868.0	95963.0	101781.0	103151.0	106732.0	108087.0	108020.0	108603.0	110225.0	111894.0	117443.0	122501.0	127783.0	131753.0	137746.0	144968.0	167635.0	226079.0	374426.0	866359.0	1777853.0	3507535.0	4715168.0	16455065.0
	20	21	22	23	24	25	26	27	28	29	30	31	32	33	34	35	36	37	38	39	40	41	42	43	44	45	46	47	48	49	50
005-primary_S6_L004_R1_001	76182.0	78190.0	80373.0	81379.0	83192.0	85043.0	87111.0	91023.0	94561.0	99481.0	100994.0	104475.0	105646.0	105745.0	105924.0	107058.0	109902.0	113972.0	119020.0	123905.0	128126.0	132784.0	138958.0	158929.0	212434.0	349905.0	824390.0	1717097.0	3365273.0	4454666.0	16840220.0
	20	21	22	23	24	25	26	27	28	29	30	31	32	33	34	35	36	37	38	39	40	41	42	43	44	45	46	47	48	49	50
005-primary_S6_L004_R2_001	76749.0	78696.0	80580.0	81875.0	83976.0	85772.0	88075.0	91547.0	94899.0	100100.0	101861.0	104644.0	106509.0	106231.0	107375.0	107975.0	110779.0	115428.0	121407.0	125853.0	130807.0	136515.0	144957.0	166934.0	227333.0	376662.0	867604.0	1777476.0	3496762.0	4704928.0	16200693.0
	20	21	22	23	24	25	26	27	28	29	30	31	32	33	34	35	36	37	38	39	40	41	42	43	44	45	46	47	48	49	50	51
006-F0_S6_L001_R1_001	48474.0	51083.0	53359.0	54020.0	55895.0	55680.0	56397.0	57618.0	59230.0	62961.0	64507.0	66687.0	69721.0	69752.0	71481.0	71482.0	70771.0	71850.0	73823.0	76373.0	79459.0	83703.0	86688.0	95027.0	111483.0	156021.0	261731.0	646240.0	1333814.0	2671254.0	3550134.0	12593217.0
	20	21	22	23	24	25	26	27	28	29	30	31	32	33	34	35	36	37	38	39	40	41	42	43	44	45	46	47	48	49	50	51
006-F0_S6_L001_R2_001	48584.0	50840.0	53061.0	54517.0	55580.0	56483.0	56684.0	57699.0	59821.0	63039.0	64043.0	67190.0	69634.0	70243.0	71861.0	72118.0	71422.0	72758.0	75182.0	77532.0	81308.0	85498.0	89691.0	99236.0	116819.0	166789.0	279325.0	677011.0	1383867.0	2803293.0	3760544.0	12057780.0
	20	21	22	23	24	25	26	27	28	29	30	31	32	33	34	35	36	37	38	39	40	41	42	43	44	45	46	47	48	49	50	51
006-F0_S6_L002_R1_001	46032.0	48682.0	50863.0	52567.0	53330.0	53448.0	54265.0	54908.0	56526.0	59942.0	60986.0	64019.0	66928.0	66735.0	67992.0	68274.0	67613.0	68871.0	70573.0	72755.0	75754.0	79044.0	83414.0	91294.0	107049.0	149029.0	246617.0	615539.0	1273852.0	2536631.0	3370473.0	12096420.0
	20	21	22	23	24	25	26	27	28	29	30	31	32	33	34	35	36	37	38	39	40	41	42	43	44	45	46	47	48	49	50	51
006-F0_S6_L002_R2_001	46589.0	48955.0	51098.0	52560.0	53992.0	54067.0	54263.0	55820.0	56927.0	59849.0	61765.0	64660.0	67583.0	67069.0	68879.0	68780.0	68877.0	69802.0	71724.0	74571.0	77717.0	82117.0	86445.0	96756.0	114661.0	160012.0	271089.0	648654.0	1320872.0	2663471.0	3561670.0	11563332.0
	20	21	22	23	24	25	26	27	28	29	30	31	32	33	34	35	36	37	38	39	40	41	42	43	44	45	46	47	48	49	50	51
006-F0_S6_L003_R1_001	49471.0	51629.0	53814.0	54931.0	56417.0	56621.0	57716.0	58195.0	60332.0	63118.0	65444.0	68042.0	70856.0	71162.0	72587.0	72482.0	71814.0	73560.0	75351.0	77876.0	80016.0	84619.0	88013.0	96529.0	112814.0	157751.0	262810.0	651391.0	1346974.0	2695024.0	3588095.0	12676056.0
	20	21	22	23	24	25	26	27	28	29	30	31	32	33	34	35	36	37	38	39	40	41	42	43	44	45	46	47	48	49	50	51
006-F0_S6_L003_R2_001	49401.0	51684.0	53524.0	55400.0	56338.0	57173.0	57577.0	58683.0	60072.0	63834.0	64980.0	68382.0	71223.0	71145.0	72982.0	73500.0	72567.0	74345.0	75869.0	78509.0	81684.0	86508.0	90578.0	99870.0	118663.0	167666.0	280110.0	680807.0	1390451.0	2808172.0	3754656.0	12237153.0
	20	21	22	23	24	25	26	27	28	29	30	31	32	33	34	35	36	37	38	39	40	41	42	43	44	45	46	47	48	49	50	51
006-F0_S6_L004_R1_001	45564.0	47842.0	49990.0	51416.0	52163.0	53153.0	53487.0	54893.0	55810.0	59578.0	60769.0	62784.0	65218.0	65559.0	67535.0	67686.0	66836.0	68435.0	69873.0	72324.0	74898.0	78582.0	82250.0	89267.0	104925.0	146458.0	244851.0	609405.0	1263467.0	2523878.0	3340435.0	12015841.0
	20	21	22	23	24	25	26	27	28	29	30	31	32	33	34	35	36	37	38	39	40	41	42	43	44	45	46	47	48	49	50	51
006-F0_S6_L004_R2_001	46225.0	47880.0	50080.0	51498.0	52593.0	53227.0	54077.0	55031.0	56477.0	59683.0	60917.0	62995.0	65775.0	66578.0	67745.0	68067.0	67987.0	68930.0	71100.0	73697.0	76961.0	80855.0	85106.0	94219.0	110989.0	158038.0	264993.0	642032.0	1315540.0	2652958.0	3546919.0	11490043.0
	20	21	22	23	24	25	26	27	28	29	30	31	32	33	34	35	36	37	38	39	40	41	42	43	44	45	46	47	48	49	50	51
006-F5_S1_L001_R1_001	26412.0	27391.0	28098.0	29060.0	29361.0	29505.0	30600.0	31498.0	32410.0	35104.0	35507.0	36431.0	37946.0	38231.0	39055.0	39191.0	39192.0	41250.0	42352.0	44582.0	47109.0	50463.0	53030.0	60027.0	75659.0	120371.0	222976.0	600064.0	1281615.0	2597473.0	3437415.0	12206104.0
	20	21	22	23	24	25	26	27	28	29	30	31	32	33	34	35	36	37	38	39	40	41	42	43	44	45	46	47	48	49	50	51
006-F5_S1_L001_R2_001	26636.0	27503.0	28132.0	29296.0	29578.0	30098.0	31013.0	31848.0	32972.0	35107.0	35911.0	36844.0	38421.0	38742.0	39393.0	40463.0	40424.0	41807.0	44034.0	46182.0	49128.0	52686.0	56208.0	65041.0	83342.0	131015.0	244523.0	640209.0	1337782.0	2738896.0	3665905.0	11622892.0
	20	21	22	23	24	25	26	27	28	29	30	31	32	33	34	35	36	37	38	39	40	41	42	43	44	45	46	47	48	49	50	51
006-F5_S1_L002_R1_001	25367.0	26265.0	26866.0	27687.0	27938.0	28635.0	29265.0	29941.0	31065.0	33040.0	33829.0	34894.0	36325.0	36514.0	37513.0	37869.0	37768.0	39035.0	40892.0	42955.0	45002.0	48077.0	51230.0	57603.0	72716.0	114382.0	212392.0	572822.0	1223995.0	2467481.0	3271550.0	11751674.0
	20	21	22	23	24	25	26	27	28	29	30	31	32	33	34	35	36	37	38	39	40	41	42	43	44	45	46	47	48	49	50	51
006-F5_S1_L002_R2_001	26055.0	26616.0	27210.0	28149.0	28681.0	29291.0	29789.0	30739.0	31943.0	33677.0	34806.0	35676.0	36937.0	37275.0	38350.0	38916.0	39284.0	40598.0	42766.0	44945.0	47636.0	51028.0	54915.0	63841.0	81204.0	127362.0	237241.0	614015.0	1281778.0	2608698.0	3481045.0	11162432.0
	20	21	22	23	24	25	26	27	28	29	30	31	32	33	34	35	36	37	38	39	40	41	42	43	44	45	46	47	48	49	50	51
006-F5_S1_L003_R1_001	26576.0	27514.0	28753.0	29506.0	29952.0	30215.0	31010.0	31954.0	32766.0	35143.0	35653.0	37127.0	38075.0	39139.0	39603.0	40344.0	40343.0	41522.0	43219.0	45520.0	47668.0	50422.0	53905.0	60924.0	76857.0	121070.0	224509.0	605513.0	1290245.0	2615435.0	3474634.0	12280704.0
	20	21	22	23	24	25	26	27	28	29	30	31	32	33	34	35	36	37	38	39	40	41	42	43	44	45	46	47	48	49	50	51
006-F5_S1_L003_R2_001	26819.0	27574.0	28562.0	29749.0	30208.0	30251.0	31213.0	32185.0	33407.0	35386.0	36422.0	37573.0	38838.0	39088.0	40484.0	40792.0	41314.0	42693.0	44749.0	46619.0	49353.0	53140.0	56933.0	65762.0	83822.0	130982.0	243605.0	640071.0	1345288.0	2744330.0	3656384.0	11789754.0
	20	21	22	23	24	25	26	27	28	29	30	31	32	33	34	35	36	37	38	39	40	41	42	43	44	45	46	47	48	49	50	51
006-F5_S1_L004_R1_001	24982.0	25964.0	26869.0	27356.0	27972.0	28208.0	29056.0	29775.0	30687.0	32948.0	33449.0	34261.0	35605.0	35963.0	36655.0	37348.0	37249.0	38785.0	40576.0	42363.0	44246.0	47052.0	50133.0	56798.0	71415.0	112963.0	210139.0	568999.0	1216939.0	2455688.0	3246985.0	11682514.0
	20	21	22	23	24	25	26	27	28	29	30	31	32	33	34	35	36	37	38	39	40	41	42	43	44	45	46	47	48	49	50	51
006-F5_S1_L004_R2_001	25155.0	26204.0	27405.0	27869.0	28391.0	28778.0	29607.0	30303.0	31235.0	33179.0	33886.0	35042.0	36535.0	36619.0	37851.0	38288.0	38629.0	39875.0	42040.0	44187.0	46361.0	50195.0	53637.0	62435.0	78919.0	125210.0	234110.0	608868.0	1277130.0	2602808.0	3469944.0	11098158.0
	20	21	22	23	24	25	26	27	28	29	30	31	32	33	34	35	36	37	38	39	40	41	42	43	44	45	46	47	48	49	50
008-F0_S1_L001_R1_001	15718.0	16562.0	17426.0	18029.0	18501.0	19471.0	20010.0	21001.0	21629.0	23734.0	24554.0	26273.0	27566.0	28437.0	29820.0	31039.0	30813.0	32354.0	34443.0	37436.0	40387.0	45402.0	50724.0	66071.0	110398.0	212269.0	590410.0	1294612.0	2620669.0	3475124.0	14009563.0
	20	21	22	23	24	25	26	27	28	29	30	31	32	33	34	35	36	37	38	39	40	41	42	43	44	45	46	47	48	49	50
008-F0_S1_L001_R2_001	15917.0	16986.0	18012.0	18594.0	19326.0	20123.0	20903.0	21624.0	22519.0	24214.0	25391.0	26755.0	28251.0	29031.0	30246.0	31609.0	31760.0	33547.0	35804.0	38887.0	41943.0	47674.0	54208.0	70197.0	118642.0	226144.0	611668.0	1322493.0	2690037.0	3612012.0	13643318.0
	20	21	22	23	24	25	26	27	28	29	30	31	32	33	34	35	36	37	38	39	40	41	42	43	44	45	46	47	48	49	50
008-F0_S1_L002_R1_001	15365.0	16348.0	17213.0	17986.0	18690.0	19147.0	20025.0	20696.0	21495.0	23689.0	24482.0	25998.0	27423.0	28182.0	29332.0	30739.0	30660.0	31993.0	34251.0	37279.0	39424.0	44984.0	50591.0	65628.0	109643.0	210636.0	583002.0	1281715.0	2581736.0	3419742.0	13837982.0
	20	21	22	23	24	25	26	27	28	29	30	31	32	33	34	35	36	37	38	39	40	41	42	43	44	45	46	47	48	49	50
008-F0_S1_L002_R2_001	16143.0	16920.0	18006.0	18835.0	19568.0	20184.0	20764.0	21522.0	22572.0	24390.0	25371.0	26600.0	28566.0	28840.0	30350.0	31604.0	31713.0	33431.0	35597.0	38584.0	42379.0	48013.0	54754.0	71788.0	119429.0	227648.0	611069.0	1316155.0	2668576.0	3595150.0	13374033.0
	20	21	22	23	24	25	26	27	28	29	30	31	32	33	34	35	36	37	38	39	40	41	42	43	44	45	46	47	48	49	50
008-F0_S1_L003_R1_001	15247.0	16246.0	17052.0	18006.0	18288.0	19365.0	19898.0	20693.0	21720.0	23361.0	24678.0	25913.0	27416.0	27911.0	29378.0	30542.0	30267.0	31934.0	34243.0	37134.0	40068.0	45299.0	50322.0	65684.0	110276.0	210857.0	581847.0	1275136.0	2569807.0	3405384.0	13677717.0
	20	21	22	23	24	25	26	27	28	29	30	31	32	33	34	35	36	37	38	39	40	41	42	43	44	45	46	47	48	49	50
008-F0_S1_L003_R2_001	15696.0	16707.0	17733.0	18684.0	19188.0	19698.0	20678.0	21528.0	22379.0	24041.0	25048.0	26254.0	28121.0	28538.0	29997.0	31387.0	31259.0	33000.0	34874.0	38780.0	41717.0	46690.0	53403.0	69550.0	117645.0	223791.0	601711.0	1301228.0	2635542.0	3540746.0	13324858.0
	20	21	22	23	24	25	26	27	28	29	30	31	32	33	34	35	36	37	38	39	40	41	42	43	44	45	46	47	48	49	50
008-F0_S1_L004_R1_001	15441.0	16507.0	17382.0	18244.0	18893.0	19243.0	20022.0	20942.0	22094.0	23955.0	24684.0	26384.0	27689.0	28548.0	29492.0	31077.0	30871.0	32583.0	34749.0	38467.0	40940.0	45502.0	51281.0	66222.0	112121.0	216369.0	596697.0	1308678.0	2637929.0	3494922.0	14125335.0
	20	21	22	23	24	25	26	27	28	29	30	31	32	33	34	35	36	37	38	39	40	41	42	43	44	45	46	47	48	49	50
008-F0_S1_L004_R2_001	16126.0	17130.0	18227.0	19022.0	19640.0	20198.0	21087.0	21805.0	22630.0	24598.0	25882.0	26880.0	28514.0	29245.0	30604.0	32152.0	32448.0	34130.0	36332.0	39642.0	43211.0	49018.0	54933.0	72563.0	121631.0	233061.0	624202.0	1342822.0	2722319.0	3662025.0	13680184.0
	20	21	22	23	24	25	26	27	28	29	30	31	32	33	34	35	36	37	38	39	40	41	42	43	44	45	46	47	48	49	50
008-F5_S2_L001_R1_001	7619.0	8190.0	8727.0	9269.0	9535.0	10290.0	11009.0	11626.0	12327.0	13796.0	14448.0	15077.0	16033.0	16308.0	17131.0	18020.0	18569.0	19633.0	21004.0	22835.0	24388.0	26832.0	30083.0	37767.0	64129.0	120439.0	329942.0	722574.0	1456707.0	1942216.0	7828665.0
	20	21	22	23	24	25	26	27	28	29	30	31	32	33	34	35	36	37	38	39	40	41	42	43	44	45	46	47	48	49	50
008-F5_S2_L001_R2_001	7954.0	8482.0	9075.0	9587.0	9803.0	10782.0	11444.0	11802.0	12666.0	14034.0	14708.0	15330.0	16226.0	16622.0	17496.0	18303.0	19027.0	20063.0	21724.0	23220.0	25485.0	28084.0	31330.0	40302.0	67292.0	126596.0	340357.0	737698.0	1490709.0	2004987.0	7653082.0
	20	21	22	23	24	25	26	27	28	29	30	31	32	33	34	35	36	37	38	39	40	41	42	43	44	45	46	47	48	49	50
008-F5_S2_L002_R1_001	7582.0	8050.0	8604.0	9168.0	9583.0	10226.0	10906.0	11620.0	12190.0	13522.0	14160.0	14950.0	15777.0	16204.0	16811.0	17869.0	18091.0	19289.0	20709.0	22464.0	23847.0	26548.0	29204.0	37027.0	63425.0	119879.0	327679.0	716296.0	1440105.0	1911626.0	7738093.0
	20	21	22	23	24	25	26	27	28	29	30	31	32	33	34	35	36	37	38	39	40	41	42	43	44	45	46	47	48	49	50
008-F5_S2_L002_R2_001	8015.0	8417.0	8911.0	9464.0	10215.0	10632.0	11387.0	11966.0	12766.0	13800.0	14254.0	15385.0	16257.0	16518.0	17408.0	18011.0	18598.0	20029.0	21692.0	23575.0	25235.0	27887.0	31348.0	40476.0	67838.0	127993.0	338919.0	730440.0	1483985.0	1996854.0	7515430.0
	20	21	22	23	24	25	26	27	28	29	30	31	32	33	34	35	36	37	38	39	40	41	42	43	44	45	46	47	48	49	50
008-F5_S2_L003_R1_001	7492.0	7852.0	8591.0	9233.0	9424.0	9927.0	10909.0	11542.0	12249.0	13491.0	14386.0	14809.0	16003.0	16210.0	16788.0	17743.0	18039.0	19192.0	21165.0	22412.0	24106.0	26786.0	29318.0	37357.0	63021.0	119506.0	326226.0	713422.0	1435408.0	1907412.0	7671411.0
	20	21	22	23	24	25	26	27	28	29	30	31	32	33	34	35	36	37	38	39	40	41	42	43	44	45	46	47	48	49	50
008-F5_S2_L003_R2_001	7829.0	8218.0	8853.0	9439.0	9768.0	10610.0	11278.0	11829.0	12594.0	13781.0	14497.0	15124.0	16004.0	16591.0	17142.0	18187.0	18282.0	19724.0	21590.0	23111.0	24835.0	27259.0	30699.0	40055.0	66176.0	124377.0	335174.0	724290.0	1465058.0	1968037.0	7511452.0
	20	21	22	23	24	25	26	27	28	29	30	31	32	33	34	35	36	37	38	39	40	41	42	43	44	45	46	47	48	49	50
008-F5_S2_L004_R1_001	7550.0	8033.0	8651.0	9093.0	9804.0	10204.0	11235.0	11762.0	12417.0	13650.0	14394.0	15271.0	16097.0	16375.0	17088.0	17714.0	18504.0	19248.0	21077.0	22756.0	24768.0	27118.0	30158.0	38508.0	64958.0	121795.0	333091.0	731254.0	1468086.0	1950727.0	7897792.0
	20	21	22	23	24	25	26	27	28	29	30	31	32	33	34	35	36	37	38	39	40	41	42	43	44	45	46	47	48	49	50
008-F5_S2_L004_R2_001	7856.0	8378.0	8882.0	9638.0	10264.0	10801.0	11529.0	12108.0	12848.0	14187.0	14813.0	15519.0	16534.0	16833.0	17503.0	18220.0	18607.0	20110.0	21995.0	23710.0	25651.0	28299.0	32392.0	41568.0	68659.0	129556.0	346096.0	746855.0	1508605.0	2033996.0	7682530.0
	20	21	22	23	24	25	26	27	28	29	30	31	32	33	34	35	36	37	38	39	40	41	42	43	44	45	46	47	48	49	50
018-F0_S3_L001_R1_001	13649.0	14667.0	15744.0	16399.0	17134.0	17424.0	17950.0	18826.0	19931.0	21753.0	22472.0	23918.0	25218.0	25936.0	27059.0	27741.0	27921.0	28811.0	30929.0	33131.0	35589.0	39872.0	43946.0	55820.0	93359.0	173258.0	476511.0	1041533.0	2092984.0	2802824.0	11334959.0
	20	21	22	23	24	25	26	27	28	29	30	31	32	33	34	35	36	37	38	39	40	41	42	43	44	45	46	47	48	49	50
018-F0_S3_L001_R2_001	14171.0	14906.0	15979.0	17207.0	17418.0	17937.0	18669.0	19311.0	20470.0	22128.0	22948.0	24227.0	25818.0	25906.0	27385.0	28394.0	28289.0	29801.0	31984.0	34256.0	36669.0	41593.0	47052.0	59412.0	98604.0	184574.0	492626.0	1066805.0	2153050.0	2912140.0	11042984.0
	20	21	22	23	24	25	26	27	28	29	30	31	32	33	34	35	36	37	38	39	40	41	42	43	44	45	46	47	48	49	50
018-F0_S3_L002_R1_001	13550.0	14504.0	15217.0	16337.0	16743.0	17340.0	18058.0	18648.0	19631.0	21628.0	22208.0	23514.0	25288.0	25801.0	26762.0	27369.0	27397.0	28701.0	30609.0	32734.0	35402.0	39442.0	43517.0	55398.0	92350.0	172152.0	469959.0	1029542.0	2063314.0	2760356.0	11194843.0
	20	21	22	23	24	25	26	27	28	29	30	31	32	33	34	35	36	37	38	39	40	41	42	43	44	45	46	47	48	49	50
018-F0_S3_L002_R2_001	14204.0	14912.0	15975.0	16883.0	17404.0	17653.0	18516.0	19498.0	20511.0	22035.0	23019.0	24237.0	25952.0	26411.0	27088.0	28265.0	28524.0	29498.0	32075.0	34349.0	36971.0	41274.0	46593.0	60037.0	99859.0	186531.0	492547.0	1059626.0	2137125.0	2893477.0	10833806.0
	20	21	22	23	24	25	26	27	28	29	30	31	32	33	34	35	36	37	38	39	40	41	42	43	44	45	46	47	48	49	50
018-F0_S3_L003_R1_001	13454.0	14698.0	15185.0	16222.0	16687.0	17250.0	17916.0	18692.0	19685.0	21351.0	22112.0	23758.0	25097.0	25543.0	26691.0	27540.0	27842.0	28567.0	30426.0	32762.0	35120.0	39452.0	43625.0	55536.0	92258.0	172362.0	468839.0	1025882.0	2056354.0	2750867.0	11084348.0
	20	21	22	23	24	25	26	27	28	29	30	31	32	33	34	35	36	37	38	39	40	41	42	43	44	45	46	47	48	49	50
018-F0_S3_L003_R2_001	13789.0	14975.0	15859.0	16833.0	17353.0	17784.0	18409.0	19176.0	20221.0	22297.0	22687.0	24031.0	25634.0	25899.0	27175.0	28294.0	28369.0	29381.0	31196.0	33629.0	36199.0	40858.0	45991.0	58990.0	97997.0	183119.0	487097.0	1049558.0	2111680.0	2857504.0	10802163.0
	20	21	22	23	24	25	26	27	28	29	30	31	32	33	34	35	36	37	38	39	40	41	42	43	44	45	46	47	48	49	50
018-F0_S3_L004_R1_001	13735.0	14632.0	15429.0	16510.0	17024.0	17523.0	18389.0	18969.0	19782.0	21613.0	22856.0	23964.0	25310.0	26255.0	27308.0	27986.0	28011.0	29227.0	30755.0	33215.0	35817.0	40090.0	44303.0	56270.0	94261.0	175871.0	480972.0	1052998.0	2108467.0	2817515.0	11426423.0
	20	21	22	23	24	25	26	27	28	29	30	31	32	33	34	35	36	37	38	39	40	41	42	43	44	45	46	47	48	49	50
018-F0_S3_L004_R2_001	14255.0	15010.0	16274.0	17237.0	17669.0	18011.0	18858.0	19531.0	20606.0	22313.0	23319.0	24453.0	25787.0	26706.0	27838.0	28956.0	28960.0	29893.0	32283.0	34721.0	37227.0	42203.0	47139.0	61077.0	100911.0	189274.0	501908.0	1081728.0	2178775.0	2950149.0	11079112.0
	20	21	22	23	24	25	26	27	28	29	30	31	32	33	34	35	36	37	38	39	40	41	42	43	44	45	46	47	48	49	50
018-F5_S4_L001_R1_001	11771.0	12348.0	13068.0	13973.0	14225.0	14841.0	15935.0	16640.0	17423.0	18683.0	19574.0	20443.0	21536.0	22183.0	22901.0	23685.0	24226.0	25275.0	26811.0	29325.0	31031.0	34632.0	38040.0	49412.0	84313.0	156398.0	424956.0	927307.0	1860283.0	2473449.0	9903613.0
	20	21	22	23	24	25	26	27	28	29	30	31	32	33	34	35	36	37	38	39	40	41	42	43	44	45	46	47	48	49	50
018-F5_S4_L001_R2_001	11844.0	12565.0	13460.0	14190.0	14628.0	15451.0	16036.0	16775.0	17795.0	19230.0	19807.0	20626.0	21979.0	22524.0	23452.0	24423.0	24416.0	25736.0	27805.0	29947.0	31690.0	36174.0	40296.0	52093.0	87693.0	162800.0	436364.0	938639.0	1904848.0	2555771.0	9695031.0
	20	21	22	23	24	25	26	27	28	29	30	31	32	33	34	35	36	37	38	39	40	41	42	43	44	45	46	47	48	49	50
018-F5_S4_L002_R1_001	11683.0	12325.0	13087.0	13842.0	14279.0	14774.0	15562.0	16363.0	16926.0	18730.0	19543.0	20214.0	21532.0	22222.0	22788.0	23830.0	23949.0	25161.0	26999.0	29182.0	30633.0	34707.0	38117.0	48835.0	83965.0	155036.0	421223.0	918774.0	1840234.0	2443854.0	9814903.0
	20	21	22	23	24	25	26	27	28	29	30	31	32	33	34	35	36	37	38	39	40	41	42	43	44	45	46	47	48	49	50
018-F5_S4_L002_R2_001	12299.0	12469.0	13580.0	14333.0	14837.0	15210.0	15906.0	16980.0	17560.0	19278.0	20210.0	20797.0	21971.0	22477.0	23250.0	24473.0	24505.0	25983.0	27954.0	30370.0	32315.0	36523.0	40634.0	52464.0	89051.0	164220.0	437464.0	938028.0	1895525.0	2552047.0	9540019.0
	20	21	22	23	24	25	26	27	28	29	30	31	32	33	34	35	36	37	38	39	40	41	42	43	44	45	46	47	48	49	50
018-F5_S4_L003_R1_001	11539.0	12339.0	13096.0	13750.0	13972.0	14685.0	15694.0	16101.0	17197.0	18637.0	19545.0	20119.0	21596.0	21942.0	22744.0	23821.0	23823.0	25172.0	26930.0	29187.0	30884.0	34641.0	38186.0	48848.0	83184.0	153799.0	421451.0	914579.0	1835326.0	2438012.0	9719772.0
	20	21	22	23	24	25	26	27	28	29	30	31	32	33	34	35	36	37	38	39	40	41	42	43	44	45	46	47	48	49	50
018-F5_S4_L003_R2_001	11771.0	12581.0	13294.0	14130.0	14474.0	15159.0	16060.0	16370.0	17595.0	18987.0	19820.0	20572.0	21857.0	22038.0	23233.0	24136.0	24192.0	25604.0	27666.0	29701.0	31837.0	35698.0	39957.0	51369.0	86060.0	161960.0	431982.0	928489.0	1872702.0	2515364.0	9524997.0
	20	21	22	23	24	25	26	27	28	29	30	31	32	33	34	35	36	37	38	39	40	41	42	43	44	45	46	47	48	49	50
018-F5_S4_L004_R1_001	11759.0	12565.0	12930.0	14034.0	14379.0	15176.0	15964.0	16641.0	17582.0	19012.0	19489.0	20722.0	21622.0	22216.0	23121.0	24116.0	24217.0	25475.0	27314.0	29410.0	31109.0	34972.0	38949.0	49664.0	85919.0	158180.0	429788.0	940444.0	1881173.0	2491532.0	10006738.0
	20	21	22	23	24	25	26	27	28	29	30	31	32	33	34	35	36	37	38	39	40	41	42	43	44	45	46	47	48	49	50
018-F5_S4_L004_R2_001	12203.0	12754.0	13597.0	14595.0	14939.0	15643.0	16536.0	17072.0	17901.0	19751.0	20115.0	21041.0	22178.0	22694.0	23599.0	24846.0	24769.0	26311.0	28152.0	30579.0	32788.0	36552.0	41154.0	52916.0	90582.0	167624.0	445427.0	956815.0	1931417.0	2594616.0	9750308.0
	20	21	22	23	24	25	26	27	28	29	30	31	32	33	34	35	36	37	38	39	40	41	42	43	44	45	46	47	48	49	50
019-F0_S5_L001_R1_001	14638.0	15396.0	16809.0	17519.0	18018.0	18710.0	19123.0	19682.0	20705.0	22628.0	23373.0	24404.0	26483.0	27489.0	28724.0	29979.0	28296.0	29059.0	30460.0	32788.0	34688.0	41155.0	44476.0	54126.0	86672.0	145454.0	371115.0	791761.0	1568261.0	2111610.0	8560762.0
	20	21	22	23	24	25	26	27	28	29	30	31	32	33	34	35	36	37	38	39	40	41	42	43	44	45	46	47	48	49	50
019-F0_S5_L001_R2_001	14902.0	15754.0	16787.0	17964.0	18358.0	18606.0	19570.0	20036.0	20701.0	22874.0	23636.0	24884.0	26649.0	27248.0	28968.0	30127.0	28977.0	29440.0	31432.0	33632.0	35342.0	42348.0	45931.0	56429.0	90091.0	150813.0	378250.0	799972.0	1603632.0	2178598.0	8389903.0
	20	21	22	23	24	25	26	27	28	29	30	31	32	33	34	35	36	37	38	39	40	41	42	43	44	45	46	47	48	49	50
019-F0_S5_L002_R1_001	14462.0	15326.0	16400.0	17407.0	17821.0	18429.0	18956.0	19685.0	20180.0	22530.0	23488.0	24355.0	26278.0	26960.0	28345.0	29531.0	28020.0	29168.0	30034.0	32577.0	34441.0	40160.0	44273.0	54080.0	86392.0	144475.0	366446.0	782221.0	1550138.0	2081451.0	8454071.0
	20	21	22	23	24	25	26	27	28	29	30	31	32	33	34	35	36	37	38	39	40	41	42	43	44	45	46	47	48	49	50
019-F0_S5_L002_R2_001	14883.0	15495.0	16618.0	17768.0	18427.0	18643.0	19330.0	19940.0	20590.0	22772.0	23881.0	24622.0	26436.0	27199.0	28527.0	30164.0	28570.0	29817.0	30558.0	33801.0	35436.0	42144.0	45166.0	56600.0	90740.0	152128.0	379073.0	794531.0	1591544.0	2167037.0	8236828.0
	20	21	22	23	24	25	26	27	28	29	30	31	32	33	34	35	36	37	38	39	40	41	42	43	44	45	46	47	48	49	50
019-F0_S5_L003_R1_001	14481.0	15323.0	16446.0	17389.0	17901.0	18159.0	19173.0	19663.0	20176.0	22232.0	23122.0	24344.0	26123.0	26956.0	28523.0	29554.0	28061.0	28911.0	30406.0	32714.0	34141.0	40240.0	44375.0	54337.0	86307.0	144057.0	367292.0	780735.0	1549285.0	2077693.0	8403371.0
	20	21	22	23	24	25	26	27	28	29	30	31	32	33	34	35	36	37	38	39	40	41	42	43	44	45	46	47	48	49	50
019-F0_S5_L003_R2_001	14740.0	15342.0	16686.0	17585.0	18309.0	18634.0	19298.0	19847.0	20521.0	22524.0	23562.0	24543.0	26475.0	26913.0	28684.0	29896.0	28382.0	29521.0	30555.0	33250.0	34927.0	41963.0	45432.0	55965.0	88988.0	149886.0	374669.0	789532.0	1577200.0	2144123.0	8242684.0
	20	21	22	23	24	25	26	27	28	29	30	31	32	33	34	35	36	37	38	39	40	41	42	43	44	45	46	47	48	49	50
019-F0_S5_L004_R1_001	14841.0	15487.0	16601.0	17621.0	18171.0	18725.0	19414.0	20018.0	20421.0	22866.0	23671.0	25182.0	27037.0	27455.0	28887.0	30166.0	28470.0	29341.0	30649.0	33055.0	35028.0	41318.0	44983.0	55208.0	88179.0	147157.0	374802.0	798412.0	1582886.0	2123445.0	8630825.0
	20	21	22	23	24	25	26	27	28	29	30	31	32	33	34	35	36	37	38	39	40	41	42	43	44	45	46	47	48	49	50
019-F0_S5_L004_R2_001	14916.0	15822.0	17111.0	17807.0	18455.0	19220.0	19629.0	20167.0	20865.0	23303.0	24071.0	25306.0	27295.0	27579.0	29323.0	30572.0	29063.0	29946.0	31173.0	34104.0	36031.0	42813.0	46338.0	57834.0	92280.0	154798.0	384898.0	810126.0	1623024.0	2206999.0	8424400.0
	20	21	22	23	24	25	26	27	28	29	30	31	32	33	34	35	36	37	38	39	40	41	42	43	44	45	46	47	48	49	50
019-F5_S6_L001_R1_001	23131.0	24043.0	25020.0	26701.0	26810.0	27222.0	27644.0	28833.0	29695.0	32166.0	33226.0	35301.0	36846.0	37321.0	38499.0	38922.0	39009.0	40052.0	41954.0	45167.0	47221.0	52892.0	57686.0	71307.0	113737.0	205734.0	545478.0	1177876.0	2358343.0	3153145.0	12810406.0
	20	21	22	23	24	25	26	27	28	29	30	31	32	33	34	35	36	37	38	39	40	41	42	43	44	45	46	47	48	49	50
019-F5_S6_L001_R2_001	23270.0	24344.0	25581.0	27043.0	27331.0	27814.0	28607.0	28990.0	29970.0	32584.0	33703.0	35771.0	37393.0	37639.0	38599.0	39993.0	39109.0	41065.0	43212.0	45551.0	48504.0	54568.0	60029.0	74964.0	118898.0	215707.0	557674.0	1197503.0	2415879.0	3267234.0	12514875.0
	20	21	22	23	24	25	26	27	28	29	30	31	32	33	34	35	36	37	38	39	40	41	42	43	44	45	46	47	48	49	50
019-F5_S6_L002_R1_001	22943.0	23602.0	25140.0	26059.0	26602.0	26807.0	27766.0	28643.0	29148.0	31804.0	32945.0	34808.0	36824.0	36825.0	38318.0	38928.0	38694.0	39410.0	41453.0	44438.0	46830.0	52273.0	56838.0	71087.0	113614.0	203036.0	538782.0	1166061.0	2330508.0	3109962.0	12672697.0
	20	21	22	23	24	25	26	27	28	29	30	31	32	33	34	35	36	37	38	39	40	41	42	43	44	45	46	47	48	49	50
019-F5_S6_L002_R2_001	23218.0	24513.0	25706.0	26593.0	27140.0	27619.0	28397.0	29239.0	30004.0	32349.0	33425.0	35149.0	36999.0	37647.0	38726.0	39511.0	39213.0	40830.0	42630.0	45913.0	48570.0	54521.0	60313.0	75797.0	120670.0	216669.0	559127.0	1192822.0	2402536.0	3258278.0	12288892.0
	20	21	22	23	24	25	26	27	28	29	30	31	32	33	34	35	36	37	38	39	40	41	42	43	44	45	46	47	48	49	50
019-F5_S6_L003_R1_001	22711.0	23782.0	25019.0	26414.0	26678.0	26839.0	27572.0	28608.0	29584.0	31263.0	33166.0	34859.0	36454.0	36843.0	38058.0	38837.0	38414.0	39597.0	41663.0	44219.0	47255.0	52511.0	57431.0	70901.0	113399.0	203587.0	537948.0	1159912.0	2323239.0	3096771.0	12548653.0
	20	21	22	23	24	25	26	27	28	29	30	31	32	33	34	35	36	37	38	39	40	41	42	43	44	45	46	47	48	49	50
019-F5_S6_L003_R2_001	23065.0	24023.0	25695.0	26717.0	27016.0	27700.0	28306.0	28728.0	30196.0	32341.0	32675.0	35021.0	37079.0	37370.0	38305.0	39236.0	38876.0	39841.0	42336.0	45395.0	48028.0	54452.0	59466.0	74072.0	117694.0	212756.0	548969.0	1176673.0	2375457.0	3208284.0	12269976.0
	20	21	22	23	24	25	26	27	28	29	30	31	32	33	34	35	36	37	38	39	40	41	42	43	44	45	46	47	48	49	50
019-F5_S6_L004_R1_001	23164.0	24342.0	25524.0	26772.0	27007.0	27491.0	28270.0	29008.0	29738.0	32598.0	33652.0	35228.0	37355.0	37198.0	38660.0	39565.0	39156.0	40103.0	42136.0	45126.0	47866.0	53310.0	58087.0	71419.0	115696.0	207192.0	549354.0	1192041.0	2378800.0	3173476.0	12921247.0
	20	21	22	23	24	25	26	27	28	29	30	31	32	33	34	35	36	37	38	39	40	41	42	43	44	45	46	47	48	49	50
019-F5_S6_L004_R2_001	23602.0	24514.0	26436.0	27168.0	27813.0	28386.0	28839.0	29449.0	30492.0	32979.0	34089.0	35682.0	37644.0	38278.0	38948.0	40447.0	39629.0	41274.0	43231.0	46153.0	49038.0	55482.0	60881.0	76449.0	121667.0	220688.0	567691.0	1215845.0	2447702.0	3316168.0	12558823.0
	20	21	22	23	24	25	26	27	28	29	30	31	32	33	34	35	36	37	38	39	40	41	42	43	44	45	46	47	48	49	50	51
029-F0_S5_L001_R1_001	46832.0	48087.0	49860.0	51314.0	52031.0	52095.0	53488.0	54338.0	56464.0	59420.0	61457.0	62804.0	65022.0	65297.0	66407.0	66874.0	66178.0	67895.0	69950.0	72656.0	75269.0	79101.0	81441.0	88945.0	104037.0	143158.0	236999.0	578895.0	1200372.0	2403102.0	3218103.0	11674584.0
	20	21	22	23	24	25	26	27	28	29	30	31	32	33	34	35	36	37	38	39	40	41	42	43	44	45	46	47	48	49	50	51
029-F0_S5_L001_R2_001	47131.0	47837.0	50201.0	51169.0	51989.0	52462.0	53280.0	54363.0	56050.0	59693.0	61190.0	62694.0	64917.0	65710.0	66707.0	66983.0	66661.0	68442.0	70764.0	73502.0	76177.0	81126.0	83949.0	92202.0	109335.0	150869.0	252587.0	607028.0	1239208.0	2513776.0	3423101.0	11199368.0
	20	21	22	23	24	25	26	27	28	29	30	31	32	33	34	35	36	37	38	39	40	41	42	43	44	45	46	47	48	49	50	51
029-F0_S5_L002_R1_001	45169.0	45849.0	47954.0	48853.0	49470.0	50013.0	50911.0	52019.0	54203.0	57115.0	58310.0	59902.0	61697.0	61902.0	63516.0	63824.0	63144.0	64995.0	66518.0	68726.0	71878.0	75922.0	78185.0	85385.0	99286.0	137215.0	225044.0	552599.0	1146483.0	2276964.0	3054472.0	11202283.0
	20	21	22	23	24	25	26	27	28	29	30	31	32	33	34	35	36	37	38	39	40	41	42	43	44	45	46	47	48	49	50	51
029-F0_S5_L002_R2_001	44895.0	46300.0	48153.0	48706.0	49574.0	50599.0	51039.0	52589.0	54164.0	57100.0	58408.0	60189.0	62264.0	62714.0	63583.0	64262.0	63966.0	65485.0	67716.0	70152.0	73681.0	78088.0	81151.0	90090.0	105817.0	146052.0	244230.0	578911.0	1184702.0	2387433.0	3238761.0	10732965.0
	20	21	22	23	24	25	26	27	28	29	30	31	32	33	34	35	36	37	38	39	40	41	42	43	44	45	46	47	48	49	50	51
029-F0_S5_L003_R1_001	47220.0	49130.0	50523.0	52000.0	52640.0	52778.0	53934.0	55462.0	57186.0	60821.0	62403.0	63552.0	65873.0	66435.0	67403.0	68091.0	67246.0	68704.0	70922.0	74105.0	76141.0	80482.0	82419.0	90071.0	105477.0	144629.0	239576.0	586151.0	1215636.0	2426849.0	3258797.0	11770750.0
	20	21	22	23	24	25	26	27	28	29	30	31	32	33	34	35	36	37	38	39	40	41	42	43	44	45	46	47	48	49	50	51
029-F0_S5_L003_R2_001	47517.0	48736.0	50688.0	51464.0	52640.0	52956.0	53973.0	55802.0	57407.0	61085.0	61422.0	63785.0	66081.0	66481.0	67652.0	68147.0	68236.0	69455.0	71703.0	74578.0	77241.0	81824.0	84829.0	93341.0	109877.0	151387.0	254183.0	608648.0	1248594.0	2524214.0	3418350.0	11389227.0
	20	21	22	23	24	25	26	27	28	29	30	31	32	33	34	35	36	37	38	39	40	41	42	43	44	45	46	47	48	49	50	51
029-F0_S5_L004_R1_001	43850.0	45170.0	46951.0	47475.0	48777.0	49142.0	50574.0	51425.0	52991.0	56113.0	57937.0	59605.0	61306.0	61637.0	62659.0	63335.0	62202.0	63831.0	65571.0	68272.0	70662.0	74455.0	76962.0	84141.0	97157.0	134311.0	221153.0	546404.0	1136377.0	2261954.0	3023335.0	11111038.0
	20	21	22	23	24	25	26	27	28	29	30	31	32	33	34	35	36	37	38	39	40	41	42	43	44	45	46	47	48	49	50	51
029-F0_S5_L004_R2_001	44174.0	45217.0	46650.0	48002.0	48749.0	49576.0	50539.0	51607.0	53626.0	55941.0	57871.0	59435.0	61623.0	61578.0	63411.0	63937.0	62947.0	64445.0	66579.0	69505.0	71889.0	76236.0	79559.0	88104.0	103266.0	142688.0	238300.0	573201.0	1175678.0	2374094.0	3214660.0	10655452.0
	20	21	22	23	24	25	26	27	28	29	30	31	32	33	34	35	36	37	38	39	40	41	42	43	44	45	46	47	48	49	50	51
029-F5_S4_L001_R1_001	47987.0	49202.0	51095.0	52310.0	54009.0	54090.0	55109.0	56974.0	58751.0	61502.0	63211.0	65926.0	67419.0	67935.0	69327.0	68944.0	69575.0	71932.0	74778.0	77182.0	80393.0	83056.0	87046.0	94416.0	112277.0	160353.0	275543.0	704592.0	1472669.0	2950630.0	3910894.0	13942433.0
	20	21	22	23	24	25	26	27	28	29	30	31	32	33	34	35	36	37	38	39	40	41	42	43	44	45	46	47	48	49	50	51
029-F5_S4_L001_R2_001	47952.0	49488.0	51521.0	52768.0	54150.0	54392.0	55766.0	57248.0	58820.0	61669.0	63322.0	66132.0	68029.0	68272.0	69871.0	69660.0	70662.0	72563.0	75397.0	78546.0	81977.0	85848.0	89574.0	98805.0	118323.0	170392.0	295879.0	735795.0	1521800.0	3089416.0	4160014.0	13350243.0
	20	21	22	23	24	25	26	27	28	29	30	31	32	33	34	35	36	37	38	39	40	41	42	43	44	45	46	47	48	49	50	51
029-F5_S4_L002_R1_001	45569.0	47136.0	49188.0	49876.0	51101.0	51825.0	52999.0	54576.0	55954.0	59449.0	60500.0	63344.0	64368.0	65046.0	66175.0	66130.0	66239.0	68684.0	71855.0	73662.0	77241.0	79949.0	83599.0	90450.0	107154.0	152501.0	262658.0	670331.0	1407439.0	2804580.0	3720917.0	13415555.0
	20	21	22	23	24	25	26	27	28	29	30	31	32	33	34	35	36	37	38	39	40	41	42	43	44	45	46	47	48	49	50	51
029-F5_S4_L002_R2_001	46255.0	47726.0	49822.0	50430.0	51712.0	52172.0	53754.0	55105.0	57193.0	59733.0	61519.0	63779.0	65324.0	65627.0	67251.0	66998.0	67715.0	70393.0	73226.0	75791.0	79097.0	83039.0	87453.0	96413.0	115016.0	165375.0	286912.0	706313.0	1457013.0	2935561.0	3943370.0	12824730.0
	20	21	22	23	24	25	26	27	28	29	30	31	32	33	34	35	36	37	38	39	40	41	42	43	44	45	46	47	48	49	50	51
029-F5_S4_L003_R1_001	48629.0	50111.0	51839.0	52672.0	54577.0	54715.0	56213.0	57314.0	59397.0	62857.0	64705.0	67622.0	68801.0	69493.0	70211.0	70365.0	70520.0	72741.0	75936.0	78507.0	81472.0	84295.0	88917.0	96333.0	113560.0	161229.0	279051.0	710551.0	1485937.0	2972870.0	3955780.0	14049375.0
	20	21	22	23	24	25	26	27	28	29	30	31	32	33	34	35	36	37	38	39	40	41	42	43	44	45	46	47	48	49	50	51
029-F5_S4_L003_R2_001	48535.0	50278.0	52113.0	53195.0	54667.0	55187.0	56463.0	57864.0	59827.0	63426.0	64869.0	67660.0	68943.0	69778.0	70880.0	70482.0	71855.0	73270.0	76937.0	79508.0	83041.0	86650.0	91307.0	100205.0	118605.0	170101.0	296642.0	737389.0	1530113.0	3096554.0	4147853.0	13571447.0
	20	21	22	23	24	25	26	27	28	29	30	31	32	33	34	35	36	37	38	39	40	41	42	43	44	45	46	47	48	49	50	51
029-F5_S4_L004_R1_001	45175.0	46586.0	48453.0	49375.0	50913.0	50640.0	52037.0	53299.0	55595.0	58342.0	59877.0	61989.0	63556.0	64418.0	65013.0	65441.0	66197.0	67867.0	70881.0	72919.0	75540.0	78750.0	82277.0	88702.0	106095.0	150782.0	259511.0	664981.0	1396060.0	2785705.0	3688773.0	13334701.0
	20	21	22	23	24	25	26	27	28	29	30	31	32	33	34	35	36	37	38	39	40	41	42	43	44	45	46	47	48	49	50	51
029-F5_S4_L004_R2_001	45257.0	47159.0	48627.0	49984.0	50998.0	51694.0	52746.0	53638.0	56287.0	59019.0	60238.0	62217.0	64331.0	65108.0	66064.0	66045.0	67296.0	69455.0	72311.0	74626.0	78132.0	80940.0	85068.0	94372.0	112998.0	162427.0	281561.0	700153.0	1447638.0	2929975.0	3922115.0	12748491.0
	20	21	22	23	24	25	26	27	28	29	30	31	32	33	34	35	36	37	38	39	40	41	42	43	44	45	46	47	48	49	50	51
030-F0_S1_L001_R1_001	30455.0	30890.0	31958.0	32079.0	32878.0	34263.0	35785.0	37507.0	39103.0	42328.0	43586.0	43738.0	45628.0	45963.0	48462.0	51040.0	48329.0	50296.0	52437.0	56704.0	57807.0	66467.0	67197.0	74992.0	88658.0	117492.0	194243.0	461823.0	952239.0	1903044.0	2609344.0	10136296.0
	20	21	22	23	24	25	26	27	28	29	30	31	32	33	34	35	36	37	38	39	40	41	42	43	44	45	46	47	48	49	50	51
030-F0_S1_L001_R2_001	30509.0	30948.0	32058.0	32327.0	32673.0	34605.0	35977.0	37797.0	39037.0	42479.0	43662.0	43986.0	45693.0	45871.0	48446.0	51401.0	48235.0	50596.0	53008.0	56964.0	58996.0	68172.0	67903.0	77227.0	91675.0	121887.0	203085.0	473047.0	967956.0	1930184.0	2698572.0	9940489.0
	20	21	22	23	24	25	26	27	28	29	30	31	32	33	34	35	36	37	38	39	40	41	42	43	44	45	46	47	48	49	50	51
030-F0_S1_L002_R1_001	29306.0	29762.0	30777.0	31030.0	31909.0	32904.0	34328.0	36043.0	37529.0	40664.0	41907.0	42272.0	43747.0	44313.0	46164.0	49377.0	46235.0	48705.0	50126.0	54575.0	55822.0	63950.0	64366.0	71861.0	85569.0	113581.0	187580.0	447507.0	924041.0	1841583.0	2523953.0	9866222.0
	20	21	22	23	24	25	26	27	28	29	30	31	32	33	34	35	36	37	38	39	40	41	42	43	44	45	46	47	48	49	50	51
030-F0_S1_L002_R2_001	29092.0	29875.0	30831.0	31467.0	32041.0	33053.0	34615.0	36275.0	37669.0	41146.0	41858.0	42310.0	43710.0	44620.0	46260.0	49528.0	46473.0	48706.0	51419.0	55032.0	56621.0	65824.0	65745.0	75047.0	88457.0	119511.0	198559.0	461357.0	941936.0	1882046.0	2623564.0	9630838.0
	20	21	22	23	24	25	26	27	28	29	30	31	32	33	34	35	36	37	38	39	40	41	42	43	44	45	46	47	48	49	50	51
030-F0_S1_L003_R1_001	29982.0	30859.0	31421.0	31722.0	32729.0	33862.0	35523.0	37053.0	38635.0	41941.0	43391.0	43317.0	45810.0	45552.0	48091.0	50743.0	48015.0	50315.0	51913.0	55882.0	57344.0	65359.0	66690.0	74937.0	88335.0	117902.0	193568.0	461868.0	953134.0	1902760.0	2607836.0	10116298.0
	20	21	22	23	24	25	26	27	28	29	30	31	32	33	34	35	36	37	38	39	40	41	42	43	44	45	46	47	48	49	50	51
030-F0_S1_L003_R2_001	30125.0	30512.0	31966.0	31801.0	32683.0	34220.0	35822.0	37357.0	38463.0	42320.0	43564.0	43449.0	45820.0	46109.0	47891.0	50939.0	48332.0	50424.0	52666.0	56387.0	58122.0	67749.0	67577.0	76856.0	90910.0	121559.0	202384.0	471963.0	967364.0	1932720.0	2699264.0	9918878.0
	20	21	22	23	24	25	26	27	28	29	30	31	32	33	34	35	36	37	38	39	40	41	42	43	44	45	46	47	48	49	50	51
030-F0_S1_L004_R1_001	29392.0	29643.0	30960.0	31477.0	31666.0	33215.0	34281.0	36205.0	37893.0	41263.0	42266.0	42704.0	44509.0	44726.0	46661.0	49490.0	47229.0	49476.0	50714.0	55271.0	56078.0	64493.0	65525.0	73088.0	86487.0	115636.0	190758.0	453360.0	936993.0	1869595.0	2557214.0	10029563.0
	20	21	22	23	24	25	26	27	28	29	30	31	32	33	34	35	36	37	38	39	40	41	42	43	44	45	46	47	48	49	50	51
030-F0_S1_L004_R2_001	29376.0	30228.0	31077.0	31463.0	32261.0	33204.0	34822.0	36641.0	37895.0	41152.0	42581.0	42855.0	44533.0	44858.0	47375.0	49843.0	47627.0	49584.0	52230.0	55648.0	57411.0	66656.0	66599.0	76535.0	89654.0	121785.0	201538.0	469420.0	956819.0	1915371.0	2670562.0	9765137.0
	20	21	22	23	24	25	26	27	28	29	30	31	32	33	34	35	36	37	38	39	40	41	42	43	44	45	46	47	48	49	50	51
030-F5_S6_L001_R1_001	19404.0	20041.0	20938.0	21384.0	21629.0	22469.0	23511.0	25124.0	25929.0	28284.0	28890.0	28679.0	30749.0	30598.0	32120.0	33765.0	31953.0	32754.0	34618.0	36682.0	37941.0	43040.0	43822.0	48257.0	55583.0	71675.0	111934.0	256191.0	522302.0	1040646.0	1434767.0	5684297.0
	20	21	22	23	24	25	26	27	28	29	30	31	32	33	34	35	36	37	38	39	40	41	42	43	44	45	46	47	48	49	50	51
030-F5_S6_L001_R2_001	19457.0	20016.0	21123.0	21319.0	21875.0	22778.0	23515.0	25111.0	26304.0	28126.0	28520.0	28958.0	30554.0	30601.0	31938.0	34140.0	31927.0	33060.0	34485.0	37201.0	38199.0	44604.0	43726.0	49251.0	56769.0	73986.0	116269.0	261815.0	528915.0	1055033.0	1480910.0	5582315.0
	20	21	22	23	24	25	26	27	28	29	30	31	32	33	34	35	36	37	38	39	40	41	42	43	44	45	46	47	48	49	50	51
030-F5_S6_L002_R1_001	18287.0	19113.0	19852.0	20091.0	20648.0	21757.0	22806.0	23795.0	24824.0	27124.0	27984.0	28013.0	29228.0	29573.0	30885.0	32552.0	30555.0	31771.0	32877.0	35366.0	36770.0	41585.0	42111.0	46177.0	53742.0	68553.0	108353.0	248059.0	504335.0	1008688.0	1386504.0	5529499.0
	20	21	22	23	24	25	26	27	28	29	30	31	32	33	34	35	36	37	38	39	40	41	42	43	44	45	46	47	48	49	50	51
030-F5_S6_L002_R2_001	18645.0	18864.0	19773.0	20355.0	20806.0	21955.0	22908.0	24050.0	24847.0	27209.0	27909.0	28015.0	29054.0	29495.0	30845.0	32676.0	30705.0	31919.0	33550.0	35747.0	36970.0	42841.0	42582.0	47644.0	55096.0	71725.0	113811.0	254734.0	513290.0	1026761.0	1439644.0	5408049.0
	20	21	22	23	24	25	26	27	28	29	30	31	32	33	34	35	36	37	38	39	40	41	42	43	44	45	46	47	48	49	50	51
030-F5_S6_L003_R1_001	18816.0	19305.0	20077.0	20678.0	21389.0	22191.0	23187.0	24337.0	25677.0	28206.0	28502.0	28611.0	29945.0	30610.0	31496.0	33666.0	31703.0	33236.0	34031.0	36784.0	37377.0	42980.0	43127.0	48441.0	54941.0	70930.0	112073.0	257036.0	521862.0	1042897.0	1439263.0	5682928.0
	20	21	22	23	24	25	26	27	28	29	30	31	32	33	34	35	36	37	38	39	40	41	42	43	44	45	46	47	48	49	50	51
030-F5_S6_L003_R2_001	19088.0	19100.0	20127.0	20894.0	21361.0	22271.0	23355.0	24620.0	25431.0	28403.0	28498.0	28726.0	30187.0	30027.0	31916.0	33634.0	31654.0	32984.0	34685.0	37137.0	37802.0	43629.0	43636.0	49311.0	56285.0	73407.0	116308.0	262103.0	528802.0	1055928.0	1481100.0	5586694.0
	20	21	22	23	24	25	26	27	28	29	30	31	32	33	34	35	36	37	38	39	40	41	42	43	44	45	46	47	48	49	50	51
030-F5_S6_L004_R1_001	18303.0	18807.0	19874.0	20197.0	20991.0	21806.0	22934.0	23879.0	25084.0	27603.0	27760.0	28013.0	29631.0	29867.0	31159.0	33054.0	31040.0	32253.0	33407.0	36007.0	36623.0	42048.0	42837.0	47032.0	54009.0	69196.0	109128.0	251622.0	511607.0	1023185.0	1406152.0	5624220.0
	20	21	22	23	24	25	26	27	28	29	30	31	32	33	34	35	36	37	38	39	40	41	42	43	44	45	46	47	48	49	50	51
030-F5_S6_L004_R2_001	18389.0	19037.0	20082.0	20417.0	21189.0	21853.0	22900.0	24353.0	24910.0	27670.0	28131.0	28031.0	29657.0	29792.0	31086.0	33055.0	31137.0	32301.0	34095.0	36146.0	37417.0	43550.0	43107.0	48428.0	55360.0	72750.0	115894.0	259336.0	523181.0	1044387.0	1463824.0	5486351.0
	20	21	22	23	24	25	26	27	28	29	30	31	32	33	34	35	36	37	38	39	40	41	42	43	44	45	46	47	48	49	50	51
032-F0_S5_L001_R1_001	31948.0	33382.0	35039.0	36083.0	37866.0	39352.0	41728.0	44248.0	46922.0	51639.0	52761.0	54684.0	56302.0	57256.0	58959.0	60984.0	62636.0	66135.0	70252.0	75107.0	78984.0	82639.0	87288.0	96156.0	119020.0	178414.0	321553.0	847623.0	1814113.0	3636501.0	4964989.0	18882728.0
	20	21	22	23	24	25	26	27	28	29	30	31	32	33	34	35	36	37	38	39	40	41	42	43	44	45	46	47	48	49	50	51
032-F0_S5_L001_R2_001	32161.0	33740.0	35601.0	36837.0	38905.0	40014.0	42127.0	45513.0	47931.0	52280.0	53294.0	55376.0	57248.0	58076.0	59886.0	61635.0	63206.0	66809.0	71437.0	76565.0	80001.0	85103.0	89772.0	100223.0	124905.0	187067.0	339960.0	875235.0	1853709.0	3706849.0	5112060.0	18497531.0
	20	21	22	23	24	25	26	27	28	29	30	31	32	33	34	35	36	37	38	39	40	41	42	43	44	45	46	47	48	49	50	51
032-F0_S5_L002_R1_001	30845.0	32160.0	33686.0	34701.0	36503.0	37684.0	39995.0	42799.0	45418.0	49098.0	50549.0	52708.0	54197.0	55410.0	57013.0	58812.0	59861.0	63296.0	67295.0	71980.0	75781.0	80171.0	83708.0	92801.0	114536.0	172265.0	310754.0	819623.0	1757366.0	3515542.0	4789493.0	18352527.0
	20	21	22	23	24	25	26	27	28	29	30	31	32	33	34	35	36	37	38	39	40	41	42	43	44	45	46	47	48	49	50	51
032-F0_S5_L002_R2_001	31520.0	32366.0	34165.0	35762.0	37286.0	38718.0	40956.0	44070.0	46006.0	49979.0	51150.0	53252.0	55433.0	55780.0	58045.0	59582.0	60908.0	64541.0	68432.0	73810.0	77690.0	82665.0	86763.0	97578.0	121260.0	182921.0	330367.0	850912.0	1800000.0	3600510.0	4954045.0	17911702.0
	20	21	22	23	24	25	26	27	28	29	30	31	32	33	34	35	36	37	38	39	40	41	42	43	44	45	46	47	48	49	50	51
032-F0_S5_L003_R1_001	31590.0	33341.0	34477.0	35409.0	37526.0	38627.0	41168.0	43836.0	46759.0	50485.0	52453.0	54145.0	55861.0	57491.0	58794.0	60906.0	62119.0	65616.0	69703.0	74671.0	78001.0	82662.0	86333.0	95931.0	118563.0	178502.0	321927.0	849532.0	1817317.0	3648262.0	4964076.0	18870041.0
	20	21	22	23	24	25	26	27	28	29	30	31	32	33	34	35	36	37	38	39	40	41	42	43	44	45	46	47	48	49	50	51
032-F0_S5_L003_R2_001	32040.0	33870.0	35232.0	36270.0	38003.0	39872.0	41962.0	44949.0	47674.0	51269.0	53097.0	54723.0	56702.0	57610.0	59296.0	61691.0	62981.0	67070.0	70562.0	75550.0	80126.0	84541.0	88617.0	99795.0	123789.0	187606.0	338455.0	876946.0	1855962.0	3714048.0	5116014.0	18489442.0
	20	21	22	23	24	25	26	27	28	29	30	31	32	33	34	35	36	37	38	39	40	41	42	43	44	45	46	47	48	49	50	51
032-F0_S5_L004_R1_001	30914.0	31757.0	34003.0	35083.0	36484.0	38059.0	40385.0	43137.0	45726.0	49396.0	50994.0	52893.0	54747.0	55545.0	58287.0	59108.0	59937.0	64233.0	68168.0	72740.0	76134.0	80084.0	84732.0	94025.0	115367.0	174106.0	314741.0	831453.0	1782717.0	3569029.0	4857152.0	18659149.0
	20	21	22	23	24	25	26	27	28	29	30	31	32	33	34	35	36	37	38	39	40	41	42	43	44	45	46	47	48	49	50	51
032-F0_S5_L004_R2_001	31589.0	32762.0	34438.0	35798.0	37631.0	39072.0	41410.0	44212.0	46796.0	50490.0	51813.0	53798.0	55254.0	56564.0	58506.0	60385.0	61905.0	65495.0	69513.0	74054.0	78572.0	83526.0	87959.0	99378.0	122898.0	186195.0	336984.0	866565.0	1829781.0	3664652.0	5049128.0	18157896.0
	20	21	22	23	24	25	26	27	28	29	30	31	32	33	34	35	36	37	38	39	40	41	42	43	44	45	46	47	48	49	50	51
032-F5_S3_L001_R1_001	50635.0	52960.0	55555.0	56733.0	59424.0	60425.0	63105.0	66722.0	70723.0	75912.0	77580.0	81290.0	82487.0	83942.0	85808.0	86592.0	89327.0	95290.0	99754.0	106059.0	111172.0	114476.0	120190.0	132553.0	164106.0	246481.0	443468.0	1169748.0	2504079.0	5004223.0	6772841.0	25542404.0
	20	21	22	23	24	25	26	27	28	29	30	31	32	33	34	35	36	37	38	39	40	41	42	43	44	45	46	47	48	49	50	51
032-F5_S3_L001_R2_001	51432.0	53655.0	55704.0	58010.0	60367.0	61669.0	64512.0	68075.0	71604.0	77386.0	78063.0	81741.0	83865.0	84927.0	86873.0	87449.0	90635.0	95777.0	101668.0	107542.0	113001.0	117243.0	123442.0	137780.0	170176.0	257271.0	464950.0	1198282.0	2549080.0	5092974.0	6974413.0	25051047.0
	20	21	22	23	24	25	26	27	28	29	30	31	32	33	34	35	36	37	38	39	40	41	42	43	44	45	46	47	48	49	50	51
032-F5_S3_L002_R1_001	48291.0	51137.0	53682.0	55027.0	56802.0	58171.0	61094.0	64567.0	67952.0	73631.0	75181.0	78701.0	80376.0	81456.0	82753.0	83485.0	85835.0	90949.0	96437.0	102714.0	107057.0	111056.0	116209.0	128421.0	157697.0	237415.0	430264.0	1131609.0	2433712.0	4848410.0	6546914.0	24909751.0
	20	21	22	23	24	25	26	27	28	29	30	31	32	33	34	35	36	37	38	39	40	41	42	43	44	45	46	47	48	49	50	51
032-F5_S3_L002_R2_001	49299.0	51779.0	54071.0	56288.0	58179.0	59466.0	62206.0	65707.0	69588.0	74379.0	76236.0	79393.0	81237.0	82909.0	84253.0	84151.0	87841.0	92516.0	98260.0	104207.0	109370.0	114400.0	120366.0	134289.0	166438.0	252229.0	456766.0	1171402.0	2486967.0	4962143.0	6783854.0	24309591.0
	20	21	22	23	24	25	26	27	28	29	30	31	32	33	34	35	36	37	38	39	40	41	42	43	44	45	46	47	48	49	50	51
032-F5_S3_L003_R1_001	49338.0	52265.0	54080.0	56199.0	58933.0	59439.0	62463.0	65773.0	69909.0	75454.0	77271.0	81235.0	82674.0	83413.0	85164.0	86642.0	89128.0	93247.0	100128.0	105098.0	110968.0	114322.0	120093.0	132376.0	163392.0	245415.0	442470.0	1172644.0	2513730.0	5011866.0	6779531.0	25560734.0
	20	21	22	23	24	25	26	27	28	29	30	31	32	33	34	35	36	37	38	39	40	41	42	43	44	45	46	47	48	49	50	51
032-F5_S3_L003_R2_001	50649.0	52681.0	54916.0	57333.0	59826.0	60785.0	63679.0	67037.0	71399.0	76631.0	77697.0	81718.0	83812.0	84652.0	86406.0	86943.0	90040.0	94700.0	101337.0	107640.0	112732.0	117251.0	123223.0	137546.0	169585.0	256841.0	463694.0	1201085.0	2555551.0	5105081.0	6992416.0	25058064.0
	20	21	22	23	24	25	26	27	28	29	30	31	32	33	34	35	36	37	38	39	40	41	42	43	44	45	46	47	48	49	50	51
032-F5_S3_L004_R1_001	48255.0	51152.0	53359.0	55086.0	57546.0	57973.0	61413.0	65160.0	69053.0	74220.0	75332.0	79346.0	80850.0	82084.0	83616.0	84224.0	86937.0	91882.0	98196.0	103640.0	108261.0	111699.0	117338.0	129477.0	159974.0	238979.0	434306.0	1147586.0	2464608.0	4916200.0	6638296.0	25304945.0
	20	21	22	23	24	25	26	27	28	29	30	31	32	33	34	35	36	37	38	39	40	41	42	43	44	45	46	47	48	49	50	51
032-F5_S3_L004_R2_001	49536.0	52215.0	54262.0	56331.0	58369.0	59740.0	62998.0	66511.0	70553.0	75898.0	76317.0	80500.0	82259.0	82895.0	85355.0	85823.0	88862.0	94090.0	99806.0	106159.0	110676.0	115448.0	122113.0	136165.0	169785.0	255130.0	461576.0	1190509.0	2526227.0	5049197.0	6905987.0	24624605.0
	20	21	22	23	24	25	26	27	28	29	30	31	32	33	34	35	36	37	38	39	40	41	42	43	44	45	46	47	48	49	50	51
040-F0_S2_L001_R1_001	17090.0	17420.0	18319.0	19077.0	19761.0	20357.0	21552.0	23074.0	24383.0	25913.0	26921.0	27405.0	28704.0	29478.0	30700.0	32248.0	31268.0	32765.0	34214.0	37070.0	38419.0	43105.0	44466.0	50296.0	59969.0	82800.0	141502.0	351386.0	735947.0	1475681.0	2022082.0	7878504.0
	20	21	22	23	24	25	26	27	28	29	30	31	32	33	34	35	36	37	38	39	40	41	42	43	44	45	46	47	48	49	50	51
040-F0_S2_L001_R2_001	17202.0	17603.0	18441.0	19236.0	19956.0	20783.0	22068.0	23022.0	24082.0	26560.0	27036.0	27453.0	29086.0	29322.0	30889.0	32425.0	31534.0	33244.0	34498.0	37407.0	39048.0	44445.0	45366.0	51545.0	61772.0	86764.0	148070.0	360773.0	747541.0	1500463.0	2084806.0	7728985.0
	20	21	22	23	24	25	26	27	28	29	30	31	32	33	34	35	36	37	38	39	40	41	42	43	44	45	46	47	48	49	50	51
040-F0_S2_L002_R1_001	16325.0	16699.0	17711.0	18424.0	18924.0	19955.0	20880.0	22062.0	23126.0	25030.0	25701.0	26351.0	27765.0	28364.0	29615.0	31458.0	30212.0	31571.0	33055.0	36028.0	36551.0	41856.0	42613.0	47786.0	57418.0	80209.0	136305.0	340065.0	711347.0	1424718.0	1949708.0	7644038.0
	20	21	22	23	24	25	26	27	28	29	30	31	32	33	34	35	36	37	38	39	40	41	42	43	44	45	46	47	48	49	50	51
040-F0_S2_L002_R2_001	16589.0	16812.0	18040.0	18284.0	19259.0	20112.0	21336.0	22372.0	23295.0	25133.0	26138.0	26402.0	27851.0	28441.0	29965.0	31696.0	30594.0	31869.0	33814.0	36202.0	37726.0	42675.0	43763.0	49417.0	59965.0	83753.0	143991.0	349658.0	723766.0	1453620.0	2020421.0	7476538.0
	20	21	22	23	24	25	26	27	28	29	30	31	32	33	34	35	36	37	38	39	40	41	42	43	44	45	46	47	48	49	50	51
040-F0_S2_L003_R1_001	16593.0	17480.0	18300.0	18592.0	19460.0	20458.0	21686.0	22595.0	23765.0	26120.0	26762.0	27603.0	28878.0	29265.0	30551.0	32246.0	31117.0	32752.0	34173.0	36866.0	38417.0	43097.0	43956.0	49662.0	59246.0	83200.0	141221.0	351850.0	736594.0	1480601.0	2028120.0	7890929.0
	20	21	22	23	24	25	26	27	28	29	30	31	32	33	34	35	36	37	38	39	40	41	42	43	44	45	46	47	48	49	50	51
040-F0_S2_L003_R2_001	17039.0	17596.0	18652.0	18837.0	19702.0	20818.0	22120.0	22907.0	23894.0	26299.0	27248.0	27654.0	28877.0	29540.0	30896.0	32287.0	31506.0	32648.0	34699.0	37680.0	38837.0	44121.0	44596.0	51413.0	61330.0	86996.0	147948.0	362253.0	747988.0	1504134.0	2089096.0	7742916.0
	20	21	22	23	24	25	26	27	28	29	30	31	32	33	34	35	36	37	38	39	40	41	42	43	44	45	46	47	48	49	50	51
040-F0_S2_L004_R1_001	16319.0	16771.0	17780.0	18738.0	18969.0	19833.0	21231.0	22396.0	23165.0	25542.0	26148.0	26713.0	27997.0	28494.0	29783.0	31471.0	30308.0	32011.0	33438.0	35948.0	37471.0	42288.0	43287.0	48309.0	57966.0	81300.0	138127.0	342063.0	722082.0	1447499.0	1978707.0	7775727.0
	20	21	22	23	24	25	26	27	28	29	30	31	32	33	34	35	36	37	38	39	40	41	42	43	44	45	46	47	48	49	50	51
040-F0_S2_L004_R2_001	16722.0	17005.0	18083.0	18878.0	19281.0	20296.0	21679.0	22513.0	23452.0	25783.0	26497.0	27066.0	28234.0	28565.0	30161.0	32076.0	30586.0	32263.0	34201.0	36644.0	38378.0	43576.0	44253.0	50320.0	60682.0	85207.0	146354.0	356425.0	737964.0	1482113.0	2057550.0	7579480.0
	20	21	22	23	24	25	26	27	28	29	30	31	32	33	34	35	36	37	38	39	40	41	42	43	44	45	46	47	48	49	50	51
040-F5_S4_L001_R1_001	26087.0	26816.0	27689.0	28290.0	29197.0	30296.0	32103.0	34076.0	35773.0	39090.0	39947.0	40404.0	41839.0	41884.0	43521.0	44865.0	45331.0	46911.0	50066.0	53207.0	55097.0	59457.0	60982.0	66978.0	80054.0	113034.0	194395.0	487996.0	1029486.0	2059404.0	2818110.0	10885195.0
	20	21	22	23	24	25	26	27	28	29	30	31	32	33	34	35	36	37	38	39	40	41	42	43	44	45	46	47	48	49	50	51
040-F5_S4_L001_R2_001	26025.0	27034.0	27996.0	28271.0	29710.0	30871.0	32484.0	34245.0	36304.0	39573.0	40300.0	40617.0	42144.0	42135.0	43787.0	45410.0	45227.0	47945.0	50533.0	53872.0	55799.0	60763.0	62167.0	68807.0	82662.0	117823.0	202319.0	499446.0	1042550.0	2093177.0	2907272.0	10684169.0
	20	21	22	23	24	25	26	27	28	29	30	31	32	33	34	35	36	37	38	39	40	41	42	43	44	45	46	47	48	49	50	51
040-F5_S4_L002_R1_001	25369.0	25682.0	26786.0	27038.0	28298.0	29351.0	30865.0	32664.0	34855.0	37896.0	38585.0	39018.0	40499.0	40443.0	41976.0	43611.0	43303.0	45640.0	47828.0	51475.0	53005.0	57369.0	58283.0	64748.0	77658.0	109154.0	188290.0	473150.0	994962.0	1991972.0	2718618.0	10595604.0
	20	21	22	23	24	25	26	27	28	29	30	31	32	33	34	35	36	37	38	39	40	41	42	43	44	45	46	47	48	49	50	51
040-F5_S4_L002_R2_001	25392.0	26101.0	26913.0	27518.0	28688.0	30091.0	31391.0	33152.0	35445.0	38351.0	38611.0	39345.0	40569.0	40945.0	41993.0	44118.0	43536.0	46217.0	48971.0	52148.0	53897.0	58259.0	59956.0	67185.0	80955.0	114786.0	198082.0	489004.0	1017276.0	2032573.0	2824194.0	10347019.0
	20	21	22	23	24	25	26	27	28	29	30	31	32	33	34	35	36	37	38	39	40	41	42	43	44	45	46	47	48	49	50	51
040-F5_S4_L003_R1_001	25864.0	26513.0	27205.0	27793.0	29317.0	30084.0	32098.0	33842.0	35577.0	38670.0	39149.0	40470.0	41898.0	41953.0	43226.0	45016.0	45121.0	46765.0	49702.0	53249.0	54673.0	58856.0	60353.0	67089.0	80203.0	112452.0	194299.0	488235.0	1030117.0	2064421.0	2819640.0	10879354.0
	20	21	22	23	24	25	26	27	28	29	30	31	32	33	34	35	36	37	38	39	40	41	42	43	44	45	46	47	48	49	50	51
040-F5_S4_L003_R2_001	26059.0	26716.0	27798.0	28389.0	29692.0	30634.0	32678.0	34268.0	35711.0	38497.0	39987.0	40557.0	42032.0	41974.0	43609.0	45280.0	45294.0	47375.0	50039.0	53726.0	55654.0	60300.0	61814.0	68702.0	82933.0	116818.0	202539.0	501364.0	1044785.0	2093939.0	2908570.0	10680484.0
	20	21	22	23	24	25	26	27	28	29	30	31	32	33	34	35	36	37	38	39	40	41	42	43	44	45	46	47	48	49	50	51
040-F5_S4_L004_R1_001	25344.0	25899.0	26960.0	27612.0	28429.0	29558.0	31150.0	33259.0	35215.0	37962.0	38644.0	39363.0	40620.0	40924.0	42325.0	43801.0	43547.0	45945.0	48897.0	51663.0	53981.0	58166.0	59883.0	65611.0	78449.0	110613.0	189908.0	477998.0	1011414.0	2020954.0	2758138.0	10766333.0
	20	21	22	23	24	25	26	27	28	29	30	31	32	33	34	35	36	37	38	39	40	41	42	43	44	45	46	47	48	49	50	51
040-F5_S4_L004_R2_001	25735.0	26312.0	27421.0	27863.0	29024.0	30225.0	31860.0	33909.0	35588.0	38195.0	39102.0	39769.0	40777.0	41446.0	42470.0	44558.0	44427.0	46487.0	49599.0	52653.0	54881.0	60152.0	60891.0	68125.0	82496.0	116967.0	201007.0	495726.0	1031055.0	2072240.0	2874568.0	10489058.0
	20	21	22	23	24	25	26	27	28	29	30	31	32	33	34	35	36	37	38	39	40	41	42	43	44	45	46	47	48	49	50
KS25_S6_L001_R1_001	22787.0	24037.0	25704.0	26104.0	26278.0	27322.0	28490.0	28867.0	29707.0	32387.0	33037.0	34091.0	35621.0	37196.0	38290.0	39422.0	38920.0	39198.0	40705.0	43039.0	45196.0	51321.0	53986.0	64959.0	92456.0	157268.0	393609.0	834422.0	1653001.0	2196998.0	8352621.0
	20	21	22	23	24	25	26	27	28	29	30	31	32	33	34	35	36	37	38	39	40	41	42	43	44	45	46	47	48	49	50
KS25_S6_L001_R2_001	22842.0	23843.0	25566.0	26330.0	26588.0	27397.0	28359.0	29331.0	29909.0	32436.0	33273.0	34345.0	35831.0	37333.0	38730.0	39900.0	38723.0	39597.0	41285.0	43993.0	45580.0	52607.0	55686.0	66778.0	95918.0	163939.0	401612.0	844438.0	1689544.0	2269132.0	8190794.0
	20	21	22	23	24	25	26	27	28	29	30	31	32	33	34	35	36	37	38	39	40	41	42	43	44	45	46	47	48	49	50
KS25_S6_L002_R1_001	21705.0	22664.0	24541.0	25250.0	25733.0	25852.0	26931.0	27831.0	28184.0	30879.0	31530.0	32805.0	33971.0	35631.0	36673.0	37967.0	37204.0	37537.0	39322.0	41975.0	43045.0	49563.0	52888.0	63118.0	90054.0	153707.0	385327.0	816529.0	1622603.0	2160626.0	8195939.0
	20	21	22	23	24	25	26	27	28	29	30	31	32	33	34	35	36	37	38	39	40	41	42	43	44	45	46	47	48	49	50
KS25_S6_L002_R2_001	21812.0	22704.0	24593.0	25065.0	25812.0	26172.0	27108.0	28265.0	28319.0	30925.0	31792.0	33172.0	34206.0	35822.0	36953.0	38429.0	37672.0	37967.0	39761.0	42749.0	44310.0	51129.0	54536.0	65963.0	94466.0	162082.0	396595.0	831645.0	1671124.0	2243274.0	7992722.0
	20	21	22	23	24	25	26	27	28	29	30	31	32	33	34	35	36	37	38	39	40	41	42	43	44	45	46	47	48	49	50
KS25_S6_L003_R1_001	22390.0	23121.0	24896.0	25255.0	25702.0	26474.0	27450.0	28494.0	28766.0	31309.0	32346.0	33576.0	35094.0	36870.0	37491.0	39161.0	37888.0	38418.0	40021.0	42823.0	44222.0	50262.0	53719.0	64160.0	91742.0	156544.0	391684.0	832571.0	1652062.0	2193338.0	8272605.0
	20	21	22	23	24	25	26	27	28	29	30	31	32	33	34	35	36	37	38	39	40	41	42	43	44	45	46	47	48	49	50
KS25_S6_L003_R2_001	22362.0	23234.0	25190.0	25241.0	26034.0	26620.0	27669.0	28953.0	28838.0	31542.0	32397.0	33642.0	35156.0	36832.0	37952.0	39505.0	38215.0	38977.0	40446.0	43617.0	45229.0	51746.0	55058.0	66534.0	95506.0	163635.0	400620.0	841817.0	1692664.0	2265247.0	8100057.0
	20	21	22	23	24	25	26	27	28	29	30	31	32	33	34	35	36	37	38	39	40	41	42	43	44	45	46	47	48	49	50
KS25_S6_L004_R1_001	21660.0	22630.0	24567.0	24588.0	25180.0	25743.0	26794.0	27903.0	27984.0	30767.0	31284.0	33010.0	34015.0	36300.0	36702.0	38120.0	37131.0	37997.0	39333.0	42142.0	43518.0	49826.0	52845.0	63641.0	91003.0	156017.0	391576.0	828599.0	1654074.0	2196780.0	8267167.0
	20	21	22	23	24	25	26	27	28	29	30	31	32	33	34	35	36	37	38	39	40	41	42	43	44	45	46	47	48	49	50
KS25_S6_L004_R2_001	21839.0	22945.0	24539.0	24873.0	25574.0	26005.0	27281.0	28051.0	28478.0	31103.0	31761.0	33241.0	34489.0	36211.0	37180.0	38918.0	37940.0	38520.0	40041.0	43017.0	45100.0	51383.0	55519.0	66663.0	96822.0	165592.0	404222.0	850374.0	1714799.0	2297501.0	8008092.0
	20	21	22	23	24	25	26	27	28	29	30	31	32	33	34	35	36	37	38	39	40	41	42	43	44	45	46	47	48	49	50
KS26_S5_L001_R1_001	15801.0	16568.0	17573.0	17866.0	18561.0	19297.0	20231.0	21309.0	22515.0	24330.0	25082.0	26659.0	27661.0	28279.0	28628.0	29614.0	30293.0	32578.0	34623.0	37153.0	39776.0	43150.0	48026.0	62548.0	102939.0	199313.0	548465.0	1192958.0	2392822.0	3197459.0	12316739.0
	20	21	22	23	24	25	26	27	28	29	30	31	32	33	34	35	36	37	38	39	40	41	42	43	44	45	46	47	48	49	50
KS26_S5_L001_R2_001	15704.0	16822.0	17575.0	18412.0	18947.0	19699.0	20618.0	21455.0	23107.0	24783.0	25572.0	26786.0	28215.0	28609.0	29472.0	30163.0	31107.0	33121.0	35081.0	38106.0	40821.0	44787.0	50016.0	64688.0	107657.0	206567.0	559330.0	1208180.0	2447777.0	3294687.0	12093378.0
	20	21	22	23	24	25	26	27	28	29	30	31	32	33	34	35	36	37	38	39	40	41	42	43	44	45	46	47	48	49	50
KS26_S5_L002_R1_001	15020.0	15686.0	16840.0	17396.0	17823.0	18363.0	19284.0	20002.0	21049.0	23127.0	24066.0	25430.0	26575.0	26948.0	27912.0	28410.0	29052.0	31010.0	33435.0	35942.0	38518.0	42119.0	46560.0	60270.0	100757.0	195478.0	537940.0	1172066.0	2360225.0	3159157.0	12134905.0
	20	21	22	23	24	25	26	27	28	29	30	31	32	33	34	35	36	37	38	39	40	41	42	43	44	45	46	47	48	49	50
KS26_S5_L002_R2_001	15099.0	15846.0	16861.0	17469.0	18124.0	18706.0	19792.0	20633.0	21657.0	23427.0	24447.0	25872.0	27067.0	27530.0	28433.0	28938.0	29934.0	32111.0	34514.0	37070.0	39690.0	44054.0	49015.0	63651.0	106403.0	204865.0	553480.0	1193440.0	2427119.0	3265440.0	11866911.0
	20	21	22	23	24	25	26	27	28	29	30	31	32	33	34	35	36	37	38	39	40	41	42	43	44	45	46	47	48	49	50
KS26_S5_L003_R1_001	14984.0	15759.0	16693.0	17364.0	17936.0	18398.0	19780.0	20702.0	21887.0	23508.0	24839.0	26302.0	27166.0	27607.0	28442.0	29273.0	30143.0	31861.0	34055.0	36460.0	39162.0	42479.0	47066.0	61492.0	103089.0	198556.0	548691.0	1191837.0	2401907.0	3197746.0	12258259.0
	20	21	22	23	24	25	26	27	28	29	30	31	32	33	34	35	36	37	38	39	40	41	42	43	44	45	46	47	48	49	50
KS26_S5_L003_R2_001	15152.0	16056.0	16966.0	17738.0	18156.0	19015.0	19820.0	21397.0	22261.0	24017.0	25096.0	26565.0	27452.0	28327.0	28751.0	29991.0	30433.0	32639.0	35201.0	37390.0	40488.0	44445.0	49583.0	64345.0	107333.0	207791.0	559158.0	1206511.0	2453478.0	3296236.0	12027113.0
	20	21	22	23	24	25	26	27	28	29	30	31	32	33	34	35	36	37	38	39	40	41	42	43	44	45	46	47	48	49	50
KS26_S5_L004_R1_001	14451.0	15556.0	16235.0	17144.0	17450.0	18322.0	19152.0	20007.0	21263.0	22834.0	23785.0	25089.0	26396.0	26945.0	27604.0	28154.0	29177.0	30745.0	33317.0	35939.0	38403.0	42131.0	46857.0	60321.0	101464.0	198520.0	545995.0	1192340.0	2409793.0	3219774.0	12285723.0
	20	21	22	23	24	25	26	27	28	29	30	31	32	33	34	35	36	37	38	39	40	41	42	43	44	45	46	47	48	49	50
KS26_S5_L004_R2_001	14976.0	15851.0	16679.0	17543.0	18273.0	18946.0	19705.0	20942.0	21694.0	23534.0	24173.0	26007.0	27086.0	27701.0	28304.0	29084.0	30256.0	32349.0	34319.0	37247.0	40259.0	44103.0	50436.0	65125.0	108122.0	210047.0	565258.0	1220915.0	2494738.0	3354546.0	11935050.0
	20	21	22	23	24	25	26	27	28	29	30	31	32	33	34	35	36	37	38	39	40	41	42	43	44	45	46	47	48	49	50
KS27_S1_L001_R1_001	17442.0	18125.0	18855.0	19297.0	19819.0	20179.0	21174.0	21808.0	23108.0	24502.0	25293.0	26317.0	27174.0	27426.0	27536.0	28491.0	28780.0	30691.0	32778.0	35629.0	37075.0	40306.0	45001.0	57349.0	95163.0	186965.0	512071.0	1121475.0	2263293.0	3060351.0	12022960.0
	20	21	22	23	24	25	26	27	28	29	30	31	32	33	34	35	36	37	38	39	40	41	42	43	44	45	46	47	48	49	50
KS27_S1_L001_R2_001	17702.0	18382.0	18940.0	19522.0	20238.0	20505.0	21476.0	22505.0	23390.0	24789.0	25963.0	26806.0	27787.0	27662.0	28399.0	28574.0	29768.0	31447.0	33595.0	36385.0	38371.0	42018.0	47115.0	60793.0	100798.0	196519.0	529117.0	1146843.0	2327624.0	3175241.0	11744669.0
	20	21	22	23	24	25	26	27	28	29	30	31	32	33	34	35	36	37	38	39	40	41	42	43	44	45	46	47	48	49	50
KS27_S1_L002_R1_001	16736.0	17329.0	17914.0	18552.0	18842.0	19202.0	20036.0	21384.0	22162.0	24076.0	24627.0	25579.0	26350.0	26705.0	26947.0	27193.0	27779.0	29369.0	31940.0	33713.0	36266.0	39374.0	43582.0	56194.0	92326.0	180992.0	500271.0	1099826.0	2223106.0	3011304.0	11773777.0
	20	21	22	23	24	25	26	27	28	29	30	31	32	33	34	35	36	37	38	39	40	41	42	43	44	45	46	47	48	49	50
KS27_S1_L002_R2_001	17020.0	17523.0	17927.0	18789.0	19224.0	19552.0	20753.0	21786.0	22887.0	24586.0	24926.0	26036.0	26845.0	26940.0	27647.0	28028.0	28652.0	30394.0	32739.0	35293.0	37715.0	41285.0	46310.0	60308.0	99696.0	194853.0	521818.0	1131822.0	2302333.0	3130721.0	11449153.0
	20	21	22	23	24	25	26	27	28	29	30	31	32	33	34	35	36	37	38	39	40	41	42	43	44	45	46	47	48	49	50
KS27_S1_L003_R1_001	16983.0	17650.0	18158.0	18474.0	19045.0	19507.0	20510.0	21608.0	22570.0	24165.0	24694.0	25962.0	26762.0	26869.0	27540.0	27899.0	28654.0	30459.0	32449.0	35303.0	37143.0	40482.0	44285.0	57696.0	94365.0	185326.0	510647.0	1120152.0	2264571.0	3057859.0	11912132.0
	20	21	22	23	24	25	26	27	28	29	30	31	32	33	34	35	36	37	38	39	40	41	42	43	44	45	46	47	48	49	50
KS27_S1_L003_R2_001	17273.0	17765.0	18445.0	19066.0	19474.0	19929.0	21107.0	22032.0	23041.0	24897.0	25416.0	26121.0	27159.0	27493.0	27833.0	29005.0	29561.0	30939.0	33164.0	36443.0	38472.0	42085.0	47402.0	60971.0	100648.0	197045.0	529244.0	1145470.0	2335776.0	3166465.0	11620447.0
	20	21	22	23	24	25	26	27	28	29	30	31	32	33	34	35	36	37	38	39	40	41	42	43	44	45	46	47	48	49	50
KS27_S1_L004_R1_001	16474.0	17068.0	17930.0	18480.0	18697.0	19022.0	19847.0	20889.0	22120.0	24042.0	24565.0	25708.0	26333.0	26380.0	27041.0	27419.0	28139.0	29546.0	31466.0	34231.0	36514.0	39494.0	43681.0	56589.0	94178.0	184815.0	508686.0	1119782.0	2272322.0	3068700.0	11905839.0
	20	21	22	23	24	25	26	27	28	29	30	31	32	33	34	35	36	37	38	39	40	41	42	43	44	45	46	47	48	49	50
KS27_S1_L004_R2_001	17095.0	17673.0	18413.0	18809.0	19345.0	19831.0	20915.0	21370.0	22923.0	24802.0	25085.0	26314.0	27002.0	27482.0	27837.0	28568.0	29294.0	30579.0	33323.0	35766.0	38425.0	42288.0	47137.0	62210.0	101960.0	200742.0	533977.0	1158856.0	2368756.0	3223593.0	11492194.0
	20	21	22	23	24	25	26	27	28	29	30	31	32	33	34	35	36	37	38	39	40	41	42	43	44	45	46	47	48	49	50
KS28_S3_L001_R1_001	17261.0	18243.0	18696.0	19114.0	20163.0	20484.0	21691.0	22735.0	23891.0	25861.0	26229.0	27754.0	28833.0	29128.0	29903.0	30837.0	31803.0	33664.0	35991.0	38622.0	41562.0	45295.0	49714.0	65458.0	109244.0	216383.0	600007.0	1322314.0	2671193.0	3602705.0	14225527.0
	20	21	22	23	24	25	26	27	28	29	30	31	32	33	34	35	36	37	38	39	40	41	42	43	44	45	46	47	48	49	50
KS28_S3_L001_R2_001	17464.0	18220.0	18917.0	19652.0	20426.0	21052.0	22414.0	23503.0	24435.0	26156.0	26454.0	28426.0	29330.0	29369.0	30881.0	31353.0	32457.0	34555.0	36868.0	39778.0	42780.0	46602.0	52392.0	68694.0	114742.0	227828.0	618794.0	1346605.0	2743045.0	3731323.0	13923440.0
	20	21	22	23	24	25	26	27	28	29	30	31	32	33	34	35	36	37	38	39	40	41	42	43	44	45	46	47	48	49	50
KS28_S3_L002_R1_001	16238.0	17160.0	18275.0	18851.0	19219.0	19727.0	20786.0	21876.0	22745.0	24795.0	25219.0	26968.0	27689.0	28412.0	28707.0	29591.0	30500.0	32072.0	34722.0	37400.0	40195.0	43777.0	48505.0	63379.0	106557.0	211695.0	588326.0	1294658.0	2624546.0	3547383.0	13951135.0
	20	21	22	23	24	25	26	27	28	29	30	31	32	33	34	35	36	37	38	39	40	41	42	43	44	45	46	47	48	49	50
KS28_S3_L002_R2_001	16651.0	17328.0	18249.0	19181.0	19815.0	20553.0	21262.0	22678.0	23537.0	25517.0	25918.0	27545.0	28472.0	28829.0	29694.0	30597.0	31269.0	33394.0	36008.0	38990.0	41761.0	45894.0	52152.0	68306.0	113351.0	225254.0	610941.0	1332248.0	2712786.0	3690521.0	13582060.0
	20	21	22	23	24	25	26	27	28	29	30	31	32	33	34	35	36	37	38	39	40	41	42	43	44	45	46	47	48	49	50
KS28_S3_L003_R1_001	16582.0	17249.0	18258.0	18673.0	19545.0	20318.0	21354.0	22442.0	23144.0	25383.0	26011.0	27254.0	28441.0	29016.0	29527.0	30131.0	31645.0	33037.0	35390.0	38471.0	41011.0	44302.0	49753.0	64730.0	109458.0	216487.0	599950.0	1322627.0	2680015.0	3608595.0	14134603.0
	20	21	22	23	24	25	26	27	28	29	30	31	32	33	34	35	36	37	38	39	40	41	42	43	44	45	46	47	48	49	50
KS28_S3_L003_R2_001	16793.0	17503.0	18702.0	19205.0	20167.0	20827.0	22063.0	22907.0	24002.0	26032.0	26571.0	28142.0	28822.0	29557.0	30082.0	31037.0	32065.0	34091.0	36625.0	39408.0	42524.0	46575.0	52251.0	68876.0	115285.0	228154.0	619690.0	1348288.0	2749227.0	3738090.0	13819167.0
	20	21	22	23	24	25	26	27	28	29	30	31	32	33	34	35	36	37	38	39	40	41	42	43	44	45	46	47	48	49	50
KS28_S3_L004_R1_001	16186.0	16907.0	18024.0	18797.0	19163.0	19731.0	20729.0	21712.0	22819.0	25021.0	25530.0	26733.0	27670.0	28316.0	29028.0	29649.0	30834.0	32434.0	34886.0	38015.0	40522.0	44106.0	48650.0	63742.0	107411.0	214660.0	596834.0	1318112.0	2677105.0	3613885.0	14094066.0
	20	21	22	23	24	25	26	27	28	29	30	31	32	33	34	35	36	37	38	39	40	41	42	43	44	45	46	47	48	49	50
KS28_S3_L004_R2_001	16994.0	17729.0	18488.0	19072.0	20081.0	20732.0	21423.0	22620.0	23684.0	25723.0	26598.0	27802.0	28588.0	29179.0	30143.0	30802.0	32128.0	34058.0	36447.0	39574.0	42799.0	46943.0	52507.0	69281.0	116372.0	231575.0	625046.0	1360458.0	2786764.0	3789592.0	13632783.0
	20	21	22	23	24	25	26	27	28	29	30	31	32	33	34	35	36	37	38	39	40	41	42	43	44	45	46	47	48	49	50
KS29_S2_L001_R1_001	13196.0	14230.0	15194.0	15435.0	16506.0	16859.0	18388.0	19226.0	20389.0	22365.0	23363.0	24804.0	25734.0	26315.0	27386.0	28531.0	28845.0	31232.0	33009.0	36393.0	38347.0	42370.0	46744.0	60079.0	97834.0	189137.0	516754.0	1131302.0	2274563.0	3045601.0	11901517.0
	20	21	22	23	24	25	26	27	28	29	30	31	32	33	34	35	36	37	38	39	40	41	42	43	44	45	46	47	48	49	50
KS29_S2_L001_R2_001	13319.0	14183.0	15205.0	16086.0	16596.0	17343.0	18365.0	19656.0	20854.0	22893.0	23708.0	25096.0	26198.0	26741.0	27787.0	29052.0	29558.0	31476.0	33826.0	36854.0	39515.0	43603.0	48314.0	62657.0	102288.0	198845.0	529038.0	1141203.0	2326245.0	3148404.0	11678121.0
	20	21	22	23	24	25	26	27	28	29	30	31	32	33	34	35	36	37	38	39	40	41	42	43	44	45	46	47	48	49	50
KS29_S2_L002_R1_001	12892.0	13658.0	14666.0	15283.0	15490.0	16253.0	17272.0	18262.0	19641.0	21543.0	22585.0	23603.0	24901.0	25306.0	26411.0	27072.0	27672.0	29867.0	32209.0	34619.0	37261.0	40924.0	45323.0	58159.0	95956.0	184856.0	504345.0	1103236.0	2229938.0	2993545.0	11662987.0
	20	21	22	23	24	25	26	27	28	29	30	31	32	33	34	35	36	37	38	39	40	41	42	43	44	45	46	47	48	49	50
KS29_S2_L002_R2_001	13079.0	13837.0	14643.0	15278.0	15990.0	16535.0	17912.0	18957.0	20364.0	21816.0	22740.0	24176.0	25256.0	25746.0	26643.0	27826.0	28661.0	30466.0	33076.0	36098.0	38405.0	42178.0	47423.0	61343.0	101573.0	195197.0	519312.0	1125566.0	2294512.0	3103885.0	11393496.0
	20	21	22	23	24	25	26	27	28	29	30	31	32	33	34	35	36	37	38	39	40	41	42	43	44	45	46	47	48	49	50
KS29_S2_L003_R1_001	12908.0	13648.0	14557.0	15334.0	15988.0	16378.0	17612.0	18822.0	20332.0	22246.0	22854.0	24022.0	25568.0	26056.0	26644.0	27808.0	28598.0	30890.0	32775.0	35525.0	37916.0	42097.0	46371.0	59729.0	97887.0	189313.0	517207.0	1127946.0	2276372.0	3051278.0	11841802.0
	20	21	22	23	24	25	26	27	28	29	30	31	32	33	34	35	36	37	38	39	40	41	42	43	44	45	46	47	48	49	50
KS29_S2_L003_R2_001	13172.0	13846.0	14708.0	15659.0	16191.0	17090.0	18119.0	19337.0	20755.0	22581.0	23150.0	24788.0	25425.0	26412.0	27629.0	28611.0	29080.0	31393.0	33399.0	36555.0	39285.0	43548.0	48431.0	62467.0	102779.0	198263.0	529235.0	1142980.0	2334362.0	3153906.0	11598480.0
	20	21	22	23	24	25	26	27	28	29	30	31	32	33	34	35	36	37	38	39	40	41	42	43	44	45	46	47	48	49	50
KS29_S2_L004_R1_001	12476.0	13566.0	14641.0	14787.0	15493.0	16468.0	17416.0	18531.0	19617.0	21509.0	22604.0	23495.0	24810.0	25389.0	26543.0	27082.0	28428.0	29862.0	32498.0	35259.0	37311.0	41249.0	45696.0	59139.0	97056.0	188413.0	512852.0	1126324.0	2278682.0	3056726.0	11818982.0
	20	21	22	23	24	25	26	27	28	29	30	31	32	33	34	35	36	37	38	39	40	41	42	43	44	45	46	47	48	49	50
KS29_S2_L004_R2_001	13069.0	14055.0	14751.0	15558.0	16046.0	17139.0	18343.0	19363.0	20301.0	22188.0	22847.0	24215.0	25537.0	26188.0	26914.0	28480.0	29309.0	31078.0	33460.0	36796.0	39243.0	43503.0	48583.0	63063.0	103859.0	200976.0	531916.0	1152871.0	2364413.0	3196720.0	11464583.0
	20	21	22	23	24	25	26	27	28	29	30	31	32	33	34	35	36	37	38	39	40	41	42	43	44	45	46	47	48	49	50
KS30_S4_L001_R1_001	21244.0	22523.0	23530.0	24221.0	24970.0	25885.0	27549.0	28278.0	30018.0	32535.0	33506.0	35054.0	36028.0	37160.0	37595.0	38387.0	39200.0	41702.0	44540.0	48051.0	51137.0	55242.0	60286.0	77220.0	124801.0	242536.0	657636.0	1436999.0	2896937.0	3871002.0	15079461.0
	20	21	22	23	24	25	26	27	28	29	30	31	32	33	34	35	36	37	38	39	40	41	42	43	44	45	46	47	48	49	50
KS30_S4_L001_R2_001	21466.0	22602.0	23629.0	24922.0	25752.0	26510.0	27781.0	28920.0	30787.0	32794.0	34257.0	35652.0	36634.0	37471.0	38343.0	38566.0	40458.0	42339.0	45225.0	48993.0	52082.0	56957.0	62891.0	80501.0	131229.0	252436.0	673315.0	1457386.0	2966100.0	4003294.0	14781032.0
	20	21	22	23	24	25	26	27	28	29	30	31	32	33	34	35	36	37	38	39	40	41	42	43	44	45	46	47	48	49	50
KS30_S4_L002_R1_001	20372.0	21345.0	22740.0	23643.0	24247.0	24977.0	26108.0	27574.0	29153.0	31297.0	32118.0	33346.0	34917.0	35101.0	36536.0	37097.0	38214.0	40631.0	42844.0	46575.0	48896.0	52886.0	58722.0	74340.0	122227.0	236115.0	642681.0	1406977.0	2842857.0	3808050.0	14788577.0
	20	21	22	23	24	25	26	27	28	29	30	31	32	33	34	35	36	37	38	39	40	41	42	43	44	45	46	47	48	49	50
KS30_S4_L002_R2_001	20539.0	21908.0	22804.0	23725.0	24812.0	25556.0	26716.0	28351.0	29681.0	31941.0	32809.0	34543.0	35064.0	36037.0	37063.0	37656.0	39327.0	42076.0	44437.0	47775.0	50956.0	55462.0	61485.0	79472.0	129727.0	250494.0	664995.0	1441212.0	2931595.0	3953915.0	14415447.0
	20	21	22	23	24	25	26	27	28	29	30	31	32	33	34	35	36	37	38	39	40	41	42	43	44	45	46	47	48	49	50
KS30_S4_L003_R1_001	20891.0	21794.0	22526.0	23615.0	24567.0	25366.0	26677.0	28216.0	29406.0	31761.0	32558.0	34685.0	35674.0	36100.0	37205.0	37844.0	39154.0	41538.0	43473.0	47335.0	49791.0	54907.0	59934.0	75724.0	123734.0	241067.0	657003.0	1434216.0	2897409.0	3868809.0	14954513.0
	20	21	22	23	24	25	26	27	28	29	30	31	32	33	34	35	36	37	38	39	40	41	42	43	44	45	46	47	48	49	50
KS30_S4_L003_R2_001	20965.0	22246.0	23142.0	24029.0	25310.0	26024.0	27208.0	28914.0	30159.0	32165.0	33626.0	34922.0	36268.0	36422.0	37759.0	38595.0	39629.0	42651.0	44834.0	48310.0	51883.0	56254.0	62136.0	79774.0	130155.0	252423.0	671077.0	1456259.0	2968175.0	3998884.0	14644323.0
	20	21	22	23	24	25	26	27	28	29	30	31	32	33	34	35	36	37	38	39	40	41	42	43	44	45	46	47	48	49	50
KS30_S4_L004_R1_001	20262.0	21317.0	22577.0	23002.0	24126.0	24773.0	26096.0	27640.0	28959.0	31094.0	32311.0	33910.0	34792.0	35408.0	36308.0	37341.0	38348.0	40956.0	43139.0	46827.0	49822.0	53431.0	58865.0	76116.0	123385.0	239652.0	652444.0	1430093.0	2902257.0	3878181.0	14927972.0
	20	21	22	23	24	25	26	27	28	29	30	31	32	33	34	35	36	37	38	39	40	41	42	43	44	45	46	47	48	49	50
KS30_S4_L004_R2_001	21196.0	21741.0	23005.0	23785.0	24811.0	25805.0	26987.0	28703.0	29793.0	31911.0	32921.0	35076.0	35807.0	36566.0	37306.0	38303.0	39936.0	42678.0	44943.0	48550.0	52107.0	56651.0	63253.0	81474.0	132471.0	256621.0	679123.0	1471417.0	3010053.0	4061066.0	14456758.0

