	20	22	24	26	28	30	32	34	36	38	40	42	44	46	48	50	52	54	56	58	60	62	64	66	68	70	72	74	76
001-F0_S3_L001_R1_001_val_1	1121.0	2210.0	2645.0	3920.0	3536.0	4243.0	7171.0	42296.0	80490.0	93419.0	100641.0	115190.0	129166.0	136921.0	141840.0	147545.0	155084.0	168329.0	174666.0	177512.0	179644.0	186138.0	198127.0	209830.0	241366.0	427333.0	1821115.0	5624460.0	11538566.0
	20	22	24	26	28	30	32	34	36	38	40	42	44	46	48	50	52	54	56	58	60	62	64	66	68	70	72	74	76
001-F0_S3_L001_R2_001_val_2	3063.0	3592.0	3418.0	4234.0	4200.0	4968.0	8108.0	42823.0	80452.0	93613.0	100401.0	115425.0	128784.0	136199.0	142262.0	147158.0	155527.0	167587.0	174610.0	178058.0	180270.0	187778.0	200138.0	214560.0	249872.0	449597.0	1877559.0	5957242.0	11103026.0
	20	22	24	26	28	30	32	34	36	38	40	42	44	46	48	50	52	54	56	58	60	62	64	66	68	70	72	74	76
001-F0_S3_L002_R1_001_val_1	1080.0	2058.0	2518.0	3695.0	3325.0	4046.0	6722.0	40481.0	77355.0	89487.0	96147.0	109437.0	123298.0	131402.0	135771.0	141041.0	149006.0	160730.0	167470.0	170301.0	171323.0	177626.0	189461.0	201337.0	230693.0	406906.0	1735817.0	5346170.0	11077027.0
	20	22	24	26	28	30	32	34	36	38	40	42	44	46	48	50	52	54	56	58	60	62	64	66	68	70	72	74	76
001-F0_S3_L002_R2_001_val_2	3363.0	4028.0	3776.0	4403.0	4483.0	5151.0	8077.0	41430.0	78054.0	89891.0	96794.0	109905.0	123222.0	131744.0	135911.0	141269.0	149351.0	161306.0	168138.0	170710.0	173278.0	179955.0	192612.0	205741.0	241361.0	435179.0	1798117.0	5648147.0	10646334.0
	20	22	24	26	28	30	32	34	36	38	40	42	44	46	48	50	52	54	56	58	60	62	64	66	68	70	72	74	76
001-F0_S3_L003_R1_001_val_1	1083.0	2144.0	2512.0	3742.0	3455.0	4209.0	7139.0	42401.0	81355.0	94103.0	101417.0	114821.0	131208.0	138225.0	143543.0	149057.0	158101.0	169911.0	177500.0	180874.0	183188.0	189294.0	201098.0	212540.0	245083.0	432105.0	1838961.0	5685505.0	11633766.0
	20	22	24	26	28	30	32	34	36	38	40	42	44	46	48	50	52	54	56	58	60	62	64	66	68	70	72	74	76
001-F0_S3_L003_R2_001_val_2	2756.0	3302.0	3247.0	4002.0	3868.0	4714.0	7686.0	42713.0	81557.0	93911.0	101407.0	114733.0	130826.0	137751.0	143237.0	148763.0	157884.0	169522.0	177557.0	181409.0	183236.0	191067.0	202736.0	215773.0	252265.0	450942.0	1885972.0	5951769.0	11283735.0
	20	22	24	26	28	30	32	34	36	38	40	42	44	46	48	50	52	54	56	58	60	62	64	66	68	70	72	74	76
001-F0_S3_L004_R1_001_val_1	1072.0	2203.0	2535.0	3549.0	3449.0	3988.0	6662.0	40093.0	76210.0	87200.0	94826.0	108251.0	122003.0	129544.0	134711.0	139620.0	147061.0	159254.0	164101.0	167846.0	169922.0	176577.0	187150.0	198806.0	227913.0	403031.0	1724309.0	5309086.0	11016773.0
	20	22	24	26	28	30	32	34	36	38	40	42	44	46	48	50	52	54	56	58	60	62	64	66	68	70	72	74	76
001-F0_S3_L004_R2_001_val_2	3192.0	3835.0	3724.0	4393.0	4299.0	5036.0	7881.0	40840.0	76427.0	87820.0	94979.0	108404.0	122239.0	129671.0	134771.0	139565.0	146689.0	159314.0	164984.0	168455.0	170997.0	178247.0	189574.0	202294.0	237584.0	427540.0	1786051.0	5618467.0	10590473.0
	20	22	24	26	28	30	32	34	36	38	40	42	44	46	48	50	52	54	56	58	60	62	64	66	68	70	72	74	76
001-F5_S2_L001_R1_001_val_1	642.0	1235.0	1512.0	2134.0	2163.0	2511.0	4812.0	30623.0	59627.0	70402.0	77287.0	89135.0	101447.0	108704.0	114411.0	119277.0	127441.0	138759.0	144919.0	147975.0	150534.0	156868.0	168683.0	178756.0	206288.0	375680.0	1652615.0	5163869.0	10784550.0
	20	22	24	26	28	30	32	34	36	38	40	42	44	46	48	50	52	54	56	58	60	62	64	66	68	70	72	74	76
001-F5_S2_L001_R2_001_val_2	2342.0	2630.0	2701.0	3041.0	3035.0	3797.0	5942.0	31637.0	59816.0	71104.0	78350.0	89330.0	101695.0	109473.0	114465.0	120000.0	127914.0	138856.0	145536.0	148361.0	151429.0	158940.0	170459.0	181840.0	214507.0	395658.0	1701633.0	5440178.0	10408190.0
	20	22	24	26	28	30	32	34	36	38	40	42	44	46	48	50	52	54	56	58	60	62	64	66	68	70	72	74	76
001-F5_S2_L002_R1_001_val_1	599.0	1084.0	1394.0	1844.0	1884.0	2399.0	4518.0	28912.0	57087.0	67312.0	73494.0	84971.0	96772.0	104872.0	109344.0	113853.0	120972.0	132303.0	138124.0	140887.0	143442.0	150628.0	160613.0	170802.0	197465.0	358330.0	1576141.0	4900480.0	10347222.0
	20	22	24	26	28	30	32	34	36	38	40	42	44	46	48	50	52	54	56	58	60	62	64	66	68	70	72	74	76
001-F5_S2_L002_R2_001_val_2	2713.0	3175.0	2910.0	3177.0	3311.0	3914.0	6124.0	30241.0	57926.0	68755.0	74465.0	86045.0	97328.0	105083.0	110458.0	114279.0	122387.0	133443.0	138764.0	142249.0	144620.0	152323.0	163901.0	175015.0	206723.0	383100.0	1631126.0	5158721.0	9965472.0
	20	22	24	26	28	30	32	34	36	38	40	42	44	46	48	50	52	54	56	58	60	62	64	66	68	70	72	74	76
001-F5_S2_L003_R1_001_val_1	644.0	1123.0	1435.0	1899.0	2066.0	2491.0	4708.0	29806.0	58573.0	69448.0	76196.0	88956.0	101542.0	108701.0	114644.0	119655.0	127692.0	138439.0	145555.0	148990.0	151878.0	159438.0	170892.0	181535.0	209830.0	380821.0	1671115.0	5232677.0	10900435.0
	20	22	24	26	28	30	32	34	36	38	40	42	44	46	48	50	52	54	56	58	60	62	64	66	68	70	72	74	76
001-F5_S2_L003_R2_001_val_2	2143.0	2344.0	2271.0	2724.0	2944.0	3331.0	5551.0	30587.0	59238.0	69842.0	76635.0	89233.0	101653.0	108991.0	114502.0	119933.0	127885.0	138896.0	146183.0	149654.0	152020.0	160779.0	172443.0	184943.0	215031.0	397512.0	1713405.0	5450506.0	10600005.0
	20	22	24	26	28	30	32	34	36	38	40	42	44	46	48	50	52	54	56	58	60	62	64	66	68	70	72	74	76
001-F5_S2_L004_R1_001_val_1	631.0	1120.0	1393.0	1905.0	1971.0	2350.0	4449.0	28170.0	55083.0	65552.0	71426.0	83263.0	95043.0	101936.0	107392.0	111199.0	118870.0	129081.0	136275.0	138051.0	141330.0	148025.0	159380.0	168824.0	194816.0	353094.0	1560599.0	4853155.0	10262490.0
	20	22	24	26	28	30	32	34	36	38	40	42	44	46	48	50	52	54	56	58	60	62	64	66	68	70	72	74	76
001-F5_S2_L004_R2_001_val_2	2435.0	2769.0	2797.0	3137.0	3174.0	3795.0	5690.0	29456.0	55478.0	66537.0	72287.0	83879.0	95240.0	102594.0	107706.0	111977.0	119743.0	129953.0	136180.0	139449.0	142335.0	149683.0	161613.0	172353.0	202436.0	373311.0	1614125.0	5121318.0	9885423.0
	20	22	24	26	28	30	32	34	36	38	40	42	44	46	48	50	52	54	56	58	60	62	64	66	68	70	72	74
004-F0_S5_L001_R1_001_val_1	725.0	1537.0	1793.0	2679.0	2512.0	2969.0	4311.0	19686.0	35924.0	42246.0	46463.0	53464.0	60449.0	64418.0	67247.0	70737.0	75839.0	82593.0	86841.0	89066.0	91472.0	97622.0	107108.0	119615.0	177250.0	591831.0	2590892.0	11072941.0
	20	22	24	26	28	30	32	34	36	38	40	42	44	46	48	50	52	54	56	58	60	62	64	66	68	70	72	74
004-F0_S5_L001_R2_001_val_2	2401.0	2760.0	3043.0	3405.0	3295.0	3665.0	5171.0	20410.0	36572.0	42901.0	46675.0	54089.0	60757.0	64594.0	67641.0	71195.0	76153.0	83435.0	87296.0	89343.0	92736.0	99296.0	108953.0	123629.0	188707.0	624217.0	2678473.0	10919418.0
	20	22	24	26	28	30	32	34	36	38	40	42	44	46	48	50	52	54	56	58	60	62	64	66	68	70	72	74
004-F0_S5_L002_R1_001_val_1	760.0	1385.0	1675.0	2536.0	2266.0	2844.0	4290.0	18963.0	35107.0	40609.0	44462.0	51726.0	58738.0	62513.0	65088.0	68528.0	73793.0	80682.0	84330.0	87360.0	89820.0	94780.0	105141.0	116963.0	174288.0	584946.0	2559182.0	10939810.0
	20	22	24	26	28	30	32	34	36	38	40	42	44	46	48	50	52	54	56	58	60	62	64	66	68	70	72	74
004-F0_S5_L002_R2_001_val_2	2440.0	2844.0	3103.0	3630.0	3345.0	3900.0	5398.0	19947.0	35384.0	41475.0	45019.0	52301.0	58939.0	62938.0	65610.0	69305.0	74392.0	81248.0	85041.0	87733.0	90992.0	96896.0	107803.0	122349.0	187128.0	622616.0	2655997.0	10764812.0
	20	22	24	26	28	30	32	34	36	38	40	42	44	46	48	50	52	54	56	58	60	62	64	66	68	70	72	74
004-F0_S5_L003_R1_001_val_1	696.0	1475.0	1691.0	2603.0	2259.0	2988.0	4183.0	18706.0	34792.0	40491.0	44773.0	52176.0	59273.0	62570.0	65428.0	69642.0	75313.0	82092.0	86366.0	88663.0	90852.0	96927.0	106482.0	120001.0	178891.0	600008.0	2620725.0	11124016.0
	20	22	24	26	28	30	32	34	36	38	40	42	44	46	48	50	52	54	56	58	60	62	64	66	68	70	72	74
004-F0_S5_L003_R2_001_val_2	2282.0	2675.0	2714.0	3189.0	3134.0	3614.0	5240.0	19406.0	35304.0	41109.0	45460.0	52324.0	59726.0	63188.0	66188.0	70331.0	75621.0	82961.0	86904.0	89464.0	91962.0	98402.0	108757.0	124686.0	189324.0	628574.0	2707068.0	10974475.0
	20	22	24	26	28	30	32	34	36	38	40	42	44	46	48	50	52	54	56	58	60	62	64	66	68	70	72	74
004-F0_S5_L004_R1_001_val_1	736.0	1430.0	1677.0	2434.0	2167.0	2787.0	4140.0	18552.0	33997.0	39738.0	44044.0	51252.0	58309.0	62082.0	64954.0	68668.0	73129.0	80136.0	84308.0	87117.0	89848.0	95808.0	104801.0	117253.0	175878.0	592598.0	2592338.0	11062869.0
	20	22	24	26	28	30	32	34	36	38	40	42	44	46	48	50	52	54	56	58	60	62	64	66	68	70	72	74
004-F0_S5_L004_R2_001_val_2	2583.0	3009.0	2986.0	3767.0	3622.0	4273.0	5494.0	19426.0	34836.0	40527.0	44811.0	51833.0	58838.0	62835.0	65911.0	69247.0	74283.0	80958.0	84997.0	87923.0	91649.0	98007.0	108558.0	123599.0	189542.0	631802.0	2704984.0	10862750.0
	20	22	24	26	28	30	32	34	36	38	40	42	44	46	48	50	52	54	56	58	60	62	64	66	68	70	72	74
004-F5_S4_L001_R1_001_val_1	589.0	1413.0	1544.0	2499.0	2198.0	2618.0	4066.0	20744.0	39652.0	46485.0	52021.0	60693.0	68634.0	73637.0	76552.0	80626.0	86753.0	94050.0	98661.0	100664.0	104222.0	111670.0	121548.0	133852.0	191697.0	608607.0	2618858.0	10910741.0
	20	22	24	26	28	30	32	34	36	38	40	42	44	46	48	50	52	54	56	58	60	62	64	66	68	70	72	74
004-F5_S4_L001_R2_001_val_2	2254.0	2563.0	2747.0	3234.0	2997.0	3445.0	5134.0	22121.0	40438.0	46810.0	52405.0	60692.0	69037.0	73674.0	77164.0	81203.0	87157.0	94397.0	99112.0	101296.0	105480.0	112549.0	123392.0	137681.0	202023.0	641123.0	2703560.0	10761606.0
	20	22	24	26	28	30	32	34	36	38	40	42	44	46	48	50	52	54	56	58	60	62	64	66	68	70	72	74
004-F5_S4_L002_R1_001_val_1	699.0	1322.0	1493.0	2360.0	2108.0	2441.0	3934.0	20297.0	38464.0	45742.0	49951.0	58510.0	67156.0	71312.0	74391.0	78715.0	84705.0	92687.0	97294.0	98698.0	102476.0	108813.0	118431.0	130860.0	188504.0	600410.0	2580232.0	10753800.0
	20	22	24	26	28	30	32	34	36	38	40	42	44	46	48	50	52	54	56	58	60	62	64	66	68	70	72	74
004-F5_S4_L002_R2_001_val_2	2209.0	2696.0	2925.0	3309.0	3059.0	3513.0	4991.0	21125.0	39018.0	45861.0	50899.0	58902.0	67210.0	71394.0	75161.0	79435.0	85523.0	92665.0	97217.0	99650.0	103928.0	110628.0	120725.0	135242.0	199642.0	636314.0	2674809.0	10587755.0
	20	22	24	26	28	30	32	34	36	38	40	42	44	46	48	50	52	54	56	58	60	62	64	66	68	70	72	74
004-F5_S4_L003_R1_001_val_1	650.0	1363.0	1527.0	2405.0	2138.0	2665.0	4171.0	20260.0	39285.0	46153.0	51831.0	59937.0	68693.0	72785.0	75750.0	80704.0	86689.0	94297.0	99185.0	101354.0	104558.0	111213.0	122124.0	135535.0	193983.0	618160.0	2647489.0	10946568.0
	20	22	24	26	28	30	32	34	36	38	40	42	44	46	48	50	52	54	56	58	60	62	64	66	68	70	72	74
004-F5_S4_L003_R2_001_val_2	2147.0	2532.0	2466.0	3124.0	3012.0	3515.0	5053.0	21232.0	39589.0	46711.0	51908.0	60396.0	68835.0	72980.0	76623.0	80994.0	86927.0	94773.0	99645.0	102446.0	105164.0	112818.0	124122.0	139618.0	203415.0	648014.0	2734015.0	10799398.0
	20	22	24	26	28	30	32	34	36	38	40	42	44	46	48	50	52	54	56	58	60	62	64	66	68	70	72	74
004-F5_S4_L004_R1_001_val_1	660.0	1307.0	1533.0	2281.0	2147.0	2488.0	3981.0	20079.0	38194.0	45233.0	50031.0	58976.0	67022.0	71733.0	74405.0	78521.0	85131.0	92243.0	97355.0	99173.0	102667.0	109494.0	119774.0	132422.0	190060.0	608547.0	2615435.0	10870327.0
	20	22	24	26	28	30	32	34	36	38	40	42	44	46	48	50	52	54	56	58	60	62	64	66	68	70	72	74
004-F5_S4_L004_R2_001_val_2	2313.0	2871.0	2823.0	3371.0	3315.0	3832.0	5299.0	21078.0	39098.0	45880.0	50862.0	59273.0	67772.0	71811.0	75565.0	79183.0	85554.0	93437.0	97904.0	100136.0	103674.0	111376.0	122457.0	138041.0	203954.0	647651.0	2727186.0	10675503.0
	20	22	24	26	28	30	32	34	36	38	40	42	44	46	48	50	52	54	56	58	60	62	64	66	68	70	72	74
004-primary_S1_L001_R1_001_val_1	482.0	813.0	969.0	1265.0	1569.0	1888.0	4199.0	33157.0	66931.0	81757.0	90750.0	107088.0	124591.0	135315.0	143298.0	150188.0	161912.0	175306.0	186202.0	190269.0	194916.0	208346.0	227044.0	245862.0	339171.0	1079605.0	4678770.0	19303280.0
	20	22	24	26	28	30	32	34	36	38	40	42	44	46	48	50	52	54	56	58	60	62	64	66	68	70	72	74
004-primary_S1_L001_R2_001_val_2	2460.0	2639.0	3075.0	3109.0	3186.0	3726.0	6200.0	35439.0	67916.0	83023.0	91813.0	107459.0	125158.0	136259.0	144200.0	151231.0	162402.0	176700.0	186876.0	191609.0	195607.0	211068.0	230417.0	252531.0	356540.0	1131474.0	4826544.0	19046282.0
	20	22	24	26	28	30	32	34	36	38	40	42	44	46	48	50	52	54	56	58	60	62	64	66	68	70	72	74
004-primary_S1_L002_R1_001_val_1	477.0	786.0	931.0	1214.0	1459.0	1912.0	4113.0	32166.0	64193.0	79423.0	87875.0	104056.0	121748.0	131285.0	139008.0	146561.0	157645.0	172564.0	182703.0	186316.0	190957.0	205335.0	222188.0	240791.0	333618.0	1067962.0	4627399.0	19074335.0
	20	22	24	26	28	30	32	34	36	38	40	42	44	46	48	50	52	54	56	58	60	62	64	66	68	70	72	74
004-primary_S1_L002_R2_001_val_2	2785.0	2820.0	3498.0	3567.0	3670.0	3930.0	6436.0	34347.0	65642.0	80404.0	89178.0	105191.0	122034.0	131779.0	140132.0	147925.0	158950.0	173069.0	183471.0	187517.0	192536.0	208176.0	226568.0	248709.0	355045.0	1129151.0	4792617.0	18779873.0
	20	22	24	26	28	30	32	34	36	38	40	42	44	46	48	50	52	54	56	58	60	62	64	66	68	70	72	74
004-primary_S1_L003_R1_001_val_1	521.0	768.0	1026.0	1259.0	1528.0	1887.0	4149.0	32812.0	64945.0	80853.0	88786.0	105101.0	123446.0	133532.0	142548.0	149630.0	160846.0	175518.0	185687.0	190087.0	195417.0	210234.0	227659.0	246276.0	342423.0	1093950.0	4731479.0	19380105.0
	20	22	24	26	28	30	32	34	36	38	40	42	44	46	48	50	52	54	56	58	60	62	64	66	68	70	72	74
004-primary_S1_L003_R2_001_val_2	2449.0	2583.0	2601.0	2946.0	3273.0	3795.0	6173.0	34596.0	66320.0	81711.0	90056.0	105860.0	124491.0	133902.0	143682.0	151279.0	162117.0	176055.0	186809.0	191200.0	196833.0	211870.0	231388.0	252685.0	358019.0	1142592.0	4882024.0	19125163.0
	20	22	24	26	28	30	32	34	36	38	40	42	44	46	48	50	52	54	56	58	60	62	64	66	68	70	72	74
004-primary_S1_L004_R1_001_val_1	497.0	790.0	975.0	1192.0	1494.0	1842.0	4225.0	31605.0	64070.0	78979.0	87241.0	103658.0	121000.0	131204.0	139941.0	146812.0	157902.0	172812.0	183605.0	186974.0	191610.0	205007.0	222957.0	241332.0	336250.0	1076838.0	4685734.0	19284680.0
	20	22	24	26	28	30	32	34	36	38	40	42	44	46	48	50	52	54	56	58	60	62	64	66	68	70	72	74
004-primary_S1_L004_R2_001_val_2	2991.0	3275.0	3499.0	3663.0	4098.0	4592.0	7107.0	34270.0	65820.0	80217.0	89177.0	104932.0	121747.0	132712.0	141116.0	148833.0	158786.0	174366.0	184575.0	189179.0	193639.0	208837.0	227650.0	250723.0	359385.0	1148037.0	4876434.0	18941566.0
	20	22	24	26	28	30	32	34	36	38	40	42	44	46	48	50	52	54	56	58	60	62	64	66	68	70	72	74
005-F0_S3_L001_R1_001_val_1	667.0	1286.0	1492.0	2016.0	2044.0	2541.0	4547.0	27562.0	53591.0	64049.0	71595.0	84719.0	98065.0	104868.0	109143.0	116458.0	126646.0	138796.0	145037.0	146967.0	151962.0	163356.0	176386.0	190840.0	264250.0	825210.0	3546921.0	14593310.0
	20	22	24	26	28	30	32	34	36	38	40	42	44	46	48	50	52	54	56	58	60	62	64	66	68	70	72	74
005-F0_S3_L001_R2_001_val_2	2251.0	2483.0	2810.0	3073.0	3121.0	3478.0	5513.0	28591.0	54148.0	64468.0	72453.0	84751.0	98504.0	105054.0	110115.0	117330.0	127047.0	138595.0	145591.0	148074.0	152382.0	164231.0	177950.0	195906.0	274926.0	855956.0	3631542.0	14443981.0
	20	22	24	26	28	30	32	34	36	38	40	42	44	46	48	50	52	54	56	58	60	62	64	66	68	70	72	74
005-F0_S3_L002_R1_001_val_1	608.0	1199.0	1407.0	1950.0	1862.0	2336.0	4346.0	26920.0	52047.0	62363.0	69506.0	82149.0	95693.0	101651.0	106834.0	113567.0	123256.0	135624.0	142239.0	144261.0	148565.0	159594.0	172333.0	187530.0	259988.0	813653.0	3496672.0	14391578.0
	20	22	24	26	28	30	32	34	36	38	40	42	44	46	48	50	52	54	56	58	60	62	64	66	68	70	72	74
005-F0_S3_L002_R2_001_val_2	2257.0	2659.0	3005.0	3293.0	3125.0	3487.0	5469.0	27839.0	52651.0	62895.0	69849.0	82931.0	96182.0	101944.0	107147.0	114730.0	123846.0	136108.0	142314.0	144873.0	149271.0	161219.0	174662.0	192602.0	271538.0	849759.0	3595685.0	14218391.0
	20	22	24	26	28	30	32	34	36	38	40	42	44	46	48	50	52	54	56	58	60	62	64	66	68	70	72	74
005-F0_S3_L003_R1_001_val_1	590.0	1145.0	1424.0	2123.0	2032.0	2372.0	4474.0	27037.0	52513.0	63492.0	71468.0	83885.0	96909.0	103951.0	109603.0	115867.0	126814.0	138119.0	144899.0	148241.0	152941.0	163702.0	177206.0	193220.0	267846.0	840125.0	3597987.0	14713974.0
	20	22	24	26	28	30	32	34	36	38	40	42	44	46	48	50	52	54	56	58	60	62	64	66	68	70	72	74
005-F0_S3_L003_R2_001_val_2	2181.0	2484.0	2425.0	2944.0	2987.0	3386.0	5417.0	27788.0	53242.0	64202.0	71701.0	84360.0	96938.0	104474.0	110047.0	117280.0	126576.0	138484.0	145568.0	148953.0	153700.0	165411.0	179507.0	197088.0	277264.0	867822.0	3687704.0	14564026.0
	20	22	24	26	28	30	32	34	36	38	40	42	44	46	48	50	52	54	56	58	60	62	64	66	68	70	72	74
005-F0_S3_L004_R1_001_val_1	633.0	1220.0	1389.0	1958.0	1925.0	2351.0	4226.0	26563.0	51067.0	61823.0	69443.0	82316.0	95803.0	102389.0	106840.0	114101.0	124002.0	135876.0	142469.0	145148.0	149769.0	160389.0	173908.0	189615.0	262343.0	824971.0	3550131.0	14574608.0
	20	22	24	26	28	30	32	34	36	38	40	42	44	46	48	50	52	54	56	58	60	62	64	66	68	70	72	74
005-F0_S3_L004_R2_001_val_2	2494.0	2988.0	2993.0	3474.0	3509.0	4044.0	5846.0	27636.0	51869.0	62801.0	69823.0	83307.0	96235.0	103256.0	107846.0	114994.0	124306.0	136917.0	143310.0	146219.0	151093.0	162726.0	177385.0	194600.0	277224.0	865421.0	3662838.0	14372122.0
	20	22	24	26	28	30	32	34	36	38	40	42	44	46	48	50	52	54	56	58	60	62	64	66	68	70	72	74
005-F5_S2_L001_R1_001_val_1	708.0	1439.0	1659.0	2335.0	2278.0	2694.0	3973.0	18696.0	35392.0	41633.0	46133.0	53804.0	61694.0	65846.0	69445.0	73545.0	79730.0	86906.0	92297.0	94645.0	98062.0	105614.0	116825.0	130511.0	197966.0	690667.0	3070059.0	12848605.0
	20	22	24	26	28	30	32	34	36	38	40	42	44	46	48	50	52	54	56	58	60	62	64	66	68	70	72	74
005-F5_S2_L001_R2_001_val_2	2201.0	2551.0	2701.0	3092.0	2954.0	3304.0	4649.0	19616.0	35727.0	42068.0	46625.0	54076.0	61911.0	66339.0	69881.0	74200.0	79766.0	87954.0	92975.0	94841.0	99272.0	107011.0	118719.0	135017.0	207409.0	717268.0	3155342.0	12705692.0
	20	22	24	26	28	30	32	34	36	38	40	42	44	46	48	50	52	54	56	58	60	62	64	66	68	70	72	74
005-F5_S2_L002_R1_001_val_1	683.0	1395.0	1530.0	2234.0	2094.0	2607.0	3941.0	18323.0	34632.0	40748.0	44706.0	52733.0	60397.0	64351.0	67685.0	71947.0	77976.0	85104.0	90411.0	92736.0	96165.0	104525.0	114617.0	128721.0	194403.0	682328.0	3038362.0	12707665.0
	20	22	24	26	28	30	32	34	36	38	40	42	44	46	48	50	52	54	56	58	60	62	64	66	68	70	72	74
005-F5_S2_L002_R2_001_val_2	2189.0	2574.0	2906.0	3294.0	3189.0	3523.0	4924.0	19014.0	35234.0	41131.0	45842.0	53067.0	60522.0	64809.0	68493.0	72722.0	78389.0	85656.0	90983.0	93936.0	97703.0	105693.0	117262.0	134220.0	206059.0	718655.0	3135603.0	12535427.0
	20	22	24	26	28	30	32	34	36	38	40	42	44	46	48	50	52	54	56	58	60	62	64	66	68	70	72	74
005-F5_S2_L003_R1_001_val_1	681.0	1327.0	1682.0	2262.0	2294.0	2687.0	3953.0	18682.0	35003.0	41566.0	46072.0	53862.0	61321.0	66083.0	69381.0	73404.0	79418.0	87822.0	92928.0	94801.0	98933.0	106945.0	117667.0	131723.0	199447.0	700081.0	3109306.0	12919970.0
	20	22	24	26	28	30	32	34	36	38	40	42	44	46	48	50	52	54	56	58	60	62	64	66	68	70	72	74
005-F5_S2_L003_R2_001_val_2	2068.0	2484.0	2448.0	2963.0	2920.0	3408.0	4847.0	19097.0	35476.0	42005.0	46538.0	53977.0	61825.0	66398.0	69762.0	74217.0	80521.0	88476.0	93403.0	95401.0	100154.0	108427.0	119429.0	136014.0	209268.0	727384.0	3193677.0	12776714.0
	20	22	24	26	28	30	32	34	36	38	40	42	44	46	48	50	52	54	56	58	60	62	64	66	68	70	72	74
005-F5_S2_L004_R1_001_val_1	673.0	1414.0	1580.0	2229.0	2162.0	2603.0	3908.0	18130.0	34384.0	40754.0	45140.0	52718.0	60351.0	64227.0	68249.0	73036.0	78454.0	86249.0	90877.0	93747.0	97466.0	104839.0	115565.0	129447.0	195986.0	693212.0	3082606.0	12848215.0
	20	22	24	26	28	30	32	34	36	38	40	42	44	46	48	50	52	54	56	58	60	62	64	66	68	70	72	74
005-F5_S2_L004_R2_001_val_2	2532.0	2939.0	2979.0	3597.0	3450.0	3882.0	5238.0	19223.0	35410.0	40962.0	46368.0	53547.0	60536.0	65192.0	68982.0	74114.0	79330.0	87148.0	92123.0	95103.0	99016.0	107057.0	119207.0	135860.0	210984.0	732014.0	3195978.0	12645450.0
	20	22	24	26	28	30	32	34	36	38	40	42	44	46	48	50	52	54	56	58	60	62	64	66	68	70	72	74
005-primary_S6_L001_R1_001_val_1	604.0	962.0	1064.0	1343.0	1807.0	2223.0	5240.0	44248.0	86791.0	103450.0	112963.0	131476.0	151144.0	160205.0	167777.0	174888.0	186735.0	203106.0	211945.0	214574.0	218613.0	235013.0	253814.0	273106.0	372379.0	1173298.0	5067468.0	21288586.0
	20	22	24	26	28	30	32	34	36	38	40	42	44	46	48	50	52	54	56	58	60	62	64	66	68	70	72	74
005-primary_S6_L001_R2_001_val_2	2900.0	3056.0	3408.0	3454.0	3735.0	4131.0	7547.0	46479.0	88262.0	104293.0	114024.0	132537.0	151541.0	161342.0	168423.0	175997.0	188501.0	202989.0	213239.0	215225.0	219911.0	237517.0	257638.0	280266.0	391575.0	1221721.0	5219340.0	21025771.0
	20	22	24	26	28	30	32	34	36	38	40	42	44	46	48	50	52	54	56	58	60	62	64	66	68	70	72	74
005-primary_S6_L002_R1_001_val_1	532.0	949.0	1090.0	1332.0	1627.0	2165.0	5006.0	43077.0	84281.0	100562.0	110218.0	127826.0	148108.0	156784.0	163587.0	170247.0	183049.0	197356.0	207575.0	209844.0	213835.0	230773.0	249509.0	268391.0	367839.0	1154591.0	5001779.0	21002551.0
	20	22	24	26	28	30	32	34	36	38	40	42	44	46	48	50	52	54	56	58	60	62	64	66	68	70	72	74
005-primary_S6_L002_R2_001_val_2	3127.0	3181.0	3964.0	3944.0	3948.0	4410.0	7629.0	44882.0	85497.0	102200.0	111079.0	128843.0	148689.0	157608.0	164743.0	172270.0	183544.0	198393.0	208334.0	210768.0	215938.0	233593.0	253537.0	277057.0	388640.0	1220648.0	5172457.0	20695560.0
	20	22	24	26	28	30	32	34	36	38	40	42	44	46	48	50	52	54	56	58	60	62	64	66	68	70	72	74
005-primary_S6_L003_R1_001_val_1	565.0	896.0	1133.0	1350.0	1737.0	2145.0	5256.0	43527.0	85686.0	101669.0	112370.0	131073.0	150751.0	160256.0	167450.0	174443.0	187900.0	203786.0	213513.0	215625.0	220158.0	237252.0	256145.0	276611.0	378003.0	1190969.0	5138932.0	21420538.0
	20	22	24	26	28	30	32	34	36	38	40	42	44	46	48	50	52	54	56	58	60	62	64	66	68	70	72	74
005-primary_S6_L003_R2_001_val_2	2745.0	2937.0	3072.0	3346.0	3632.0	4127.0	7307.0	45486.0	86935.0	102716.0	113584.0	131800.0	151623.0	160639.0	168931.0	176045.0	188805.0	204911.0	214777.0	216593.0	222083.0	239919.0	259493.0	282663.0	393655.0	1240596.0	5284639.0	21166680.0
	20	22	24	26	28	30	32	34	36	38	40	42	44	46	48	50	52	54	56	58	60	62	64	66	68	70	72	74
005-primary_S6_L004_R1_001_val_1	531.0	958.0	1092.0	1397.0	1767.0	2202.0	5130.0	43458.0	83881.0	100438.0	110053.0	128465.0	148623.0	158224.0	164250.0	171803.0	185183.0	199971.0	209609.0	211154.0	216470.0	232474.0	251492.0	271189.0	370694.0	1172186.0	5074230.0	21260271.0
	20	22	24	26	28	30	32	34	36	38	40	42	44	46	48	50	52	54	56	58	60	62	64	66	68	70	72	74
005-primary_S6_L004_R2_001_val_2	3392.0	3565.0	3902.0	4183.0	4533.0	5168.0	8363.0	45588.0	86144.0	101670.0	111789.0	129811.0	149879.0	159257.0	165814.0	173825.0	186429.0	201933.0	211114.0	213569.0	218719.0	236797.0	256619.0	281417.0	394190.0	1244080.0	5273453.0	20901992.0
	20	22	24	26	28	30	32	34	36	38	40	42	44	46	48	50	52	54	56	58	60	62	64	66	68	70	72	74	76
006-F0_S6_L001_R1_001_val_1	1100.0	2149.0	2318.0	3602.0	3337.0	3810.0	5910.0	29709.0	58560.0	69443.0	73569.0	82289.0	93954.0	104070.0	109555.0	111692.0	116421.0	127057.0	135974.0	140825.0	141850.0	145220.0	155353.0	169924.0	205580.0	415720.0	1974264.0	6206182.0	12568968.0
	20	22	24	26	28	30	32	34	36	38	40	42	44	46	48	50	52	54	56	58	60	62	64	66	68	70	72	74	76
006-F0_S6_L001_R2_001_val_2	3202.0	3697.0	3563.0	4327.0	4113.0	4820.0	7170.0	30878.0	58727.0	70258.0	74185.0	82926.0	94321.0	103882.0	110071.0	113136.0	117497.0	127059.0	136790.0	142071.0	143509.0	147903.0	158800.0	175138.0	215987.0	446014.0	2060451.0	6562496.0	12055414.0
	20	22	24	26	28	30	32	34	36	38	40	42	44	46	48	50	52	54	56	58	60	62	64	66	68	70	72	74	76
006-F0_S6_L002_R1_001_val_1	955.0	2001.0	2231.0	3309.0	3202.0	3741.0	5451.0	28304.0	55421.0	66148.0	70370.0	79551.0	89481.0	99223.0	105576.0	107379.0	111096.0	120559.0	130527.0	134286.0	135448.0	139011.0	148020.0	162005.0	197743.0	394479.0	1884133.0	5892723.0	12070400.0
	20	22	24	26	28	30	32	34	36	38	40	42	44	46	48	50	52	54	56	58	60	62	64	66	68	70	72	74	76
006-F0_S6_L002_R2_001_val_2	3494.0	4065.0	3733.0	4489.0	4534.0	5082.0	7140.0	29873.0	56576.0	67636.0	71814.0	80500.0	90367.0	100033.0	106518.0	108304.0	112726.0	121590.0	132225.0	135926.0	137631.0	141496.0	152254.0	168513.0	211350.0	430990.0	1969094.0	6223846.0	11560974.0
	20	22	24	26	28	30	32	34	36	38	40	42	44	46	48	50	52	54	56	58	60	62	64	66	68	70	72	74	76
006-F0_S6_L003_R1_001_val_1	1050.0	2115.0	2288.0	3395.0	3153.0	3815.0	5906.0	29852.0	58868.0	69307.0	74477.0	83542.0	95172.0	105207.0	111083.0	114049.0	118256.0	128271.0	138592.0	143474.0	144023.0	148617.0	157605.0	172400.0	209060.0	419940.0	1995521.0	6274370.0	12659026.0
	20	22	24	26	28	30	32	34	36	38	40	42	44	46	48	50	52	54	56	58	60	62	64	66	68	70	72	74	76
006-F0_S6_L003_R2_001_val_2	2820.0	3487.0	3190.0	4014.0	3974.0	4544.0	6921.0	30985.0	59019.0	69744.0	75470.0	83345.0	95363.0	105191.0	111711.0	114715.0	118724.0	128783.0	139579.0	144107.0	146036.0	150194.0	160156.0	177041.0	218480.0	447663.0	2070845.0	6561521.0	12234812.0
	20	22	24	26	28	30	32	34	36	38	40	42	44	46	48	50	52	54	56	58	60	62	64	66	68	70	72	74	76
006-F0_S6_L004_R1_001_val_1	966.0	2069.0	2223.0	3406.0	3057.0	3709.0	5581.0	27909.0	55048.0	65509.0	69100.0	77623.0	88558.0	97589.0	103318.0	106359.0	110443.0	120075.0	127732.0	132800.0	134223.0	138012.0	146927.0	160574.0	193863.0	390691.0	1869695.0	5854673.0	11997162.0
	20	22	24	26	28	30	32	34	36	38	40	42	44	46	48	50	52	54	56	58	60	62	64	66	68	70	72	74	76
006-F0_S6_L004_R2_001_val_2	3102.0	3651.0	3589.0	4412.0	4272.0	4971.0	6917.0	29453.0	55640.0	66408.0	69923.0	78616.0	89369.0	97934.0	104061.0	107285.0	111486.0	120564.0	128735.0	134292.0	136013.0	139998.0	150628.0	165918.0	205146.0	422934.0	1957174.0	6198635.0	11487768.0
	20	22	24	26	28	30	32	34	36	38	40	42	44	46	48	50	52	54	56	58	60	62	64	66	68	70	72	74	76
006-F5_S1_L001_R1_001_val_1	1219.0	2747.0	2940.0	4375.0	3649.0	4260.0	5633.0	18282.0	33250.0	37490.0	40596.0	45711.0	51101.0	55250.0	58204.0	59868.0	63661.0	70350.0	74109.0	77046.0	78130.0	83333.0	91357.0	103122.0	134919.0	341522.0	1876095.0	6020071.0	12182901.0
	20	22	24	26	28	30	32	34	36	38	40	42	44	46	48	50	52	54	56	58	60	62	64	66	68	70	72	74	76
006-F5_S1_L001_R2_001_val_2	2978.0	3799.0	3565.0	4664.0	4179.0	5023.0	6544.0	18965.0	33386.0	38209.0	41088.0	46339.0	51660.0	55623.0	58849.0	61096.0	64802.0	70980.0	75242.0	78111.0	80857.0	85808.0	95280.0	108848.0	148324.0	375411.0	1977514.0	6403459.0	11620588.0
	20	22	24	26	28	30	32	34	36	38	40	42	44	46	48	50	52	54	56	58	60	62	64	66	68	70	72	74	76
006-F5_S1_L002_R1_001_val_1	1135.0	2575.0	2773.0	4180.0	3544.0	4256.0	5531.0	17575.0	31761.0	36295.0	38665.0	44084.0	49088.0	52929.0	55414.0	57676.0	60794.0	66643.0	70963.0	73775.0	75341.0	79628.0	87574.0	98971.0	129854.0	325641.0	1791548.0	5724853.0	11726521.0
	20	22	24	26	28	30	32	34	36	38	40	42	44	46	48	50	52	54	56	58	60	62	64	66	68	70	72	74	76
006-F5_S1_L002_R2_001_val_2	3479.0	4312.0	3978.0	4803.0	4321.0	5238.0	6425.0	18628.0	32602.0	37838.0	39855.0	44983.0	50782.0	53818.0	56809.0	59059.0	62667.0	68464.0	72594.0	75603.0	78182.0	83328.0	92546.0	105901.0	144975.0	364486.0	1895414.0	6088368.0	11160129.0
	20	22	24	26	28	30	32	34	36	38	40	42	44	46	48	50	52	54	56	58	60	62	64	66	68	70	72	74	76
006-F5_S1_L003_R1_001_val_1	1181.0	2728.0	2967.0	4336.0	3636.0	4388.0	5795.0	18453.0	33394.0	38504.0	40867.0	46310.0	51691.0	56105.0	59273.0	61049.0	64545.0	70594.0	75024.0	78546.0	80478.0	84538.0	92965.0	104142.0	137553.0	345013.0	1893025.0	6081560.0	12264476.0
	20	22	24	26	28	30	32	34	36	38	40	42	44	46	48	50	52	54	56	58	60	62	64	66	68	70	72	74	76
006-F5_S1_L003_R2_001_val_2	2925.0	3705.0	3510.0	4529.0	4070.0	4769.0	6077.0	19008.0	33364.0	39030.0	41216.0	46873.0	51990.0	56120.0	59938.0	61448.0	65575.0	71785.0	76388.0	79546.0	82083.0	87418.0	95927.0	110037.0	149534.0	374484.0	1984942.0	6399420.0	11787425.0
	20	22	24	26	28	30	32	34	36	38	40	42	44	46	48	50	52	54	56	58	60	62	64	66	68	70	72	74	76
006-F5_S1_L004_R1_001_val_1	1152.0	2611.0	2763.0	4268.0	3493.0	4237.0	5539.0	17367.0	31573.0	35818.0	38597.0	43341.0	48232.0	52664.0	55183.0	57093.0	60283.0	66186.0	69666.0	72431.0	74426.0	79176.0	86399.0	96998.0	127980.0	322512.0	1782823.0	5693340.0	11663978.0
	20	22	24	26	28	30	32	34	36	38	40	42	44	46	48	50	52	54	56	58	60	62	64	66	68	70	72	74	76
006-F5_S1_L004_R2_001_val_2	3184.0	3985.0	3721.0	4604.0	4340.0	5077.0	6008.0	18274.0	32245.0	36657.0	39426.0	43979.0	49353.0	53589.0	56240.0	58368.0	61514.0	67041.0	71560.0	74448.0	76896.0	81883.0	90507.0	103791.0	141293.0	359208.0	1885555.0	6071467.0	11095916.0
	20	22	24	26	28	30	32	34	36	38	40	42	44	46	48	50	52	54	56	58	60	62	64	66	68	70	72	74
008-F0_S1_L001_R1_001_val_1	901.0	1947.0	2186.0	3201.0	2782.0	3373.0	4174.0	8251.0	14643.0	18637.0	21452.0	25237.0	29752.0	33846.0	36368.0	39279.0	42408.0	48056.0	53573.0	57998.0	61533.0	66475.0	77485.0	95759.0	175905.0	800981.0	3907805.0	17452110.0
	20	22	24	26	28	30	32	34	36	38	40	42	44	46	48	50	52	54	56	58	60	62	64	66	68	70	72	74
008-F0_S1_L001_R2_001_val_2	3409.0	4012.0	4135.0	5164.0	4497.0	5150.0	6277.0	10072.0	16039.0	20170.0	23009.0	26121.0	30744.0	34991.0	37904.0	41014.0	44134.0	49586.0	54987.0	59268.0	63353.0	69320.0	80797.0	101839.0	188772.0	837625.0	4011689.0	17252039.0
	20	22	24	26	28	30	32	34	36	38	40	42	44	46	48	50	52	54	56	58	60	62	64	66	68	70	72	74
008-F0_S1_L002_R1_001_val_1	965.0	1886.0	2203.0	3168.0	2815.0	3246.0	4265.0	8173.0	14433.0	18663.0	21452.0	24837.0	29258.0	33354.0	36490.0	38956.0	41945.0	47873.0	53131.0	57162.0	61055.0	65852.0	76312.0	95072.0	174576.0	791527.0	3854986.0	17219815.0
	20	22	24	26	28	30	32	34	36	38	40	42	44	46	48	50	52	54	56	58	60	62	64	66	68	70	72	74
008-F0_S1_L002_R2_001_val_2	4325.0	4798.0	4770.0	5348.0	5028.0	5595.0	6731.0	11043.0	17048.0	20681.0	22935.0	26278.0	31005.0	34919.0	38385.0	40934.0	44082.0	49737.0	55155.0	59175.0	63291.0	69000.0	80931.0	102719.0	191156.0	838497.0	3983960.0	16965944.0
	20	22	24	26	28	30	32	34	36	38	40	42	44	46	48	50	52	54	56	58	60	62	64	66	68	70	72	74
008-F0_S1_L003_R1_001_val_1	936.0	1777.0	2253.0	3118.0	2812.0	3245.0	4072.0	8222.0	14866.0	18728.0	21177.0	25004.0	29138.0	33114.0	36128.0	39066.0	42183.0	47801.0	53047.0	57006.0	60508.0	65854.0	76836.0	95169.0	175309.0	790886.0	3838108.0	17053577.0
	20	22	24	26	28	30	32	34	36	38	40	42	44	46	48	50	52	54	56	58	60	62	64	66	68	70	72	74
008-F0_S1_L003_R2_001_val_2	3666.0	4208.0	4332.0	5064.0	4699.0	5355.0	6213.0	10341.0	16390.0	20335.0	22680.0	25830.0	30399.0	34435.0	37861.0	40366.0	43897.0	49081.0	54360.0	58523.0	62623.0	67854.0	80468.0	100057.0	187135.0	825298.0	3935998.0	16862472.0
	20	22	24	26	28	30	32	34	36	38	40	42	44	46	48	50	52	54	56	58	60	62	64	66	68	70	72	74
008-F0_S1_L004_R1_001_val_1	959.0	1804.0	2225.0	3200.0	2856.0	3361.0	4171.0	8494.0	14843.0	18981.0	21644.0	25031.0	29691.0	33703.0	36956.0	39062.0	42798.0	48363.0	53766.0	57720.0	61629.0	66993.0	79029.0	96372.0	177695.0	811034.0	3938782.0	17586642.0
	20	22	24	26	28	30	32	34	36	38	40	42	44	46	48	50	52	54	56	58	60	62	64	66	68	70	72	74
008-F0_S1_L004_R2_001_val_2	4003.0	4818.0	4767.0	5289.0	5221.0	5748.0	6672.0	10798.0	17044.0	20803.0	23304.0	26536.0	31235.0	35338.0	38651.0	41273.0	44426.0	50471.0	55384.0	59832.0	64583.0	70444.0	82825.0	103917.0	194136.0	857043.0	4064311.0	17338932.0
	20	22	24	26	28	30	32	34	36	38	40	42	44	46	48	50	52	54	56	58	60	62	64	66	68	70	72	74
008-F5_S2_L001_R1_001_val_1	436.0	868.0	1066.0	1447.0	1372.0	1623.0	1978.0	3562.0	5918.0	7857.0	9482.0	11833.0	14632.0	16826.0	18742.0	21228.0	23864.0	28136.0	30993.0	33300.0	36459.0	40524.0	47048.0	56748.0	101653.0	449456.0	2175428.0	9754349.0
	20	22	24	26	28	30	32	34	36	38	40	42	44	46	48	50	52	54	56	58	60	62	64	66	68	70	72	74
008-F5_S2_L001_R2_001_val_2	1660.0	1815.0	2033.0	2405.0	2263.0	2446.0	3050.0	4323.0	6747.0	8471.0	10006.0	12411.0	15106.0	17556.0	19384.0	22218.0	24458.0	28739.0	31551.0	34108.0	37321.0	41777.0	48696.0	59400.0	107565.0	466871.0	2228001.0	9656447.0
	20	22	24	26	28	30	32	34	36	38	40	42	44	46	48	50	52	54	56	58	60	62	64	66	68	70	72	74
008-F5_S2_L002_R1_001_val_1	459.0	889.0	991.0	1402.0	1358.0	1518.0	2006.0	3513.0	5920.0	7722.0	9358.0	11591.0	14474.0	16563.0	18674.0	21038.0	23696.0	27561.0	30588.0	32856.0	35791.0	39819.0	46122.0	55537.0	100160.0	446541.0	2152226.0	9630964.0
	20	22	24	26	28	30	32	34	36	38	40	42	44	46	48	50	52	54	56	58	60	62	64	66	68	70	72	74
008-F5_S2_L002_R2_001_val_2	1999.0	2279.0	2282.0	2512.0	2436.0	2731.0	3206.0	4871.0	7152.0	8869.0	9770.0	12544.0	15274.0	17324.0	19676.0	22015.0	24728.0	28047.0	31635.0	33920.0	36593.0	41708.0	48792.0	59220.0	108275.0	466795.0	2214053.0	9510631.0
	20	22	24	26	28	30	32	34	36	38	40	42	44	46	48	50	52	54	56	58	60	62	64	66	68	70	72	74
008-F5_S2_L003_R1_001_val_1	427.0	838.0	979.0	1395.0	1319.0	1554.0	1959.0	3338.0	5786.0	7469.0	9144.0	11239.0	14335.0	16361.0	18578.0	20760.0	23708.0	27753.0	30685.0	32847.0	35629.0	40210.0	46354.0	55926.0	100071.0	444886.0	2145412.0	9564382.0
	20	22	24	26	28	30	32	34	36	38	40	42	44	46	48	50	52	54	56	58	60	62	64	66	68	70	72	74
008-F5_S2_L003_R2_001_val_2	1732.0	1943.0	2036.0	2355.0	2245.0	2465.0	2922.0	4376.0	6559.0	8201.0	9869.0	11853.0	14865.0	17069.0	19204.0	21885.0	24415.0	28273.0	31120.0	33729.0	36456.0	41297.0	47935.0	57938.0	106205.0	459469.0	2188960.0	9477968.0
	20	22	24	26	28	30	32	34	36	38	40	42	44	46	48	50	52	54	56	58	60	62	64	66	68	70	72	74
008-F5_S2_L004_R1_001_val_1	411.0	851.0	1001.0	1434.0	1381.0	1631.0	1994.0	3508.0	6000.0	7710.0	9250.0	11684.0	14341.0	16609.0	18801.0	21351.0	24083.0	27918.0	31226.0	33326.0	36075.0	40174.0	47335.0	57066.0	103169.0	453901.0	2195492.0	9832109.0
	20	22	24	26	28	30	32	34	36	38	40	42	44	46	48	50	52	54	56	58	60	62	64	66	68	70	72	74
008-F5_S2_L004_R2_001_val_2	1950.0	2190.0	2211.0	2618.0	2427.0	2760.0	3142.0	4830.0	7053.0	8621.0	10080.0	12380.0	15147.0	17256.0	19899.0	22325.0	24946.0	28991.0	32046.0	34329.0	36823.0	42090.0	49347.0	60668.0	110197.0	475546.0	2255093.0	9714866.0
	20	22	24	26	28	30	32	34	36	38	40	42	44	46	48	50	52	54	56	58	60	62	64	66	68	70	72	74
018-F0_S3_L001_R1_001_val_1	616.0	1148.0	1382.0	1819.0	1836.0	2108.0	2773.0	6102.0	11180.0	14997.0	17583.0	21567.0	26028.0	30301.0	33418.0	35251.0	38627.0	44082.0	48957.0	52819.0	55489.0	59533.0	68492.0	83541.0	148733.0	648490.0	3129216.0	14114666.0
	20	22	24	26	28	30	32	34	36	38	40	42	44	46	48	50	52	54	56	58	60	62	64	66	68	70	72	74
018-F0_S3_L001_R2_001_val_2	2304.0	2611.0	2786.0	3361.0	3128.0	3408.0	4487.0	7434.0	12459.0	15858.0	18573.0	22185.0	27013.0	30881.0	34621.0	36596.0	39770.0	45065.0	50032.0	53282.0	56673.0	61773.0	70901.0	88622.0	157970.0	677070.0	3219295.0	13952596.0
	20	22	24	26	28	30	32	34	36	38	40	42	44	46	48	50	52	54	56	58	60	62	64	66	68	70	72	74
018-F0_S3_L002_R1_001_val_1	627.0	1100.0	1410.0	1899.0	1900.0	2103.0	2877.0	6175.0	11351.0	14762.0	17429.0	21425.0	25681.0	29598.0	32948.0	35239.0	38109.0	43637.0	48580.0	52350.0	54538.0	59093.0	67871.0	82652.0	147272.0	640569.0	3086920.0	13929441.0
	20	22	24	26	28	30	32	34	36	38	40	42	44	46	48	50	52	54	56	58	60	62	64	66	68	70	72	74
018-F0_S3_L002_R2_001_val_2	2923.0	3027.0	3170.0	3542.0	3450.0	3770.0	4590.0	8413.0	13147.0	16391.0	18233.0	22544.0	27054.0	30884.0	34279.0	36161.0	40001.0	45043.0	50180.0	53485.0	56770.0	61558.0	71305.0	87844.0	159851.0	678956.0	3196204.0	13724781.0
	20	22	24	26	28	30	32	34	36	38	40	42	44	46	48	50	52	54	56	58	60	62	64	66	68	70	72	74
018-F0_S3_L003_R1_001_val_1	606.0	1025.0	1219.0	1842.0	1852.0	2173.0	2734.0	5957.0	11130.0	14684.0	17280.0	21203.0	25697.0	29760.0	32791.0	35030.0	38234.0	43308.0	48669.0	52024.0	55177.0	58772.0	67658.0	82824.0	147380.0	639964.0	3077430.0	13815275.0
	20	22	24	26	28	30	32	34	36	38	40	42	44	46	48	50	52	54	56	58	60	62	64	66	68	70	72	74
018-F0_S3_L003_R2_001_val_2	2406.0	2658.0	2839.0	3271.0	3209.0	3542.0	4305.0	7332.0	12400.0	15861.0	18445.0	22041.0	26371.0	30828.0	34179.0	36185.0	39390.0	44976.0	49660.0	53056.0	56655.0	60562.0	69811.0	86822.0	156941.0	670086.0	3160708.0	13657159.0
	20	22	24	26	28	30	32	34	36	38	40	42	44	46	48	50	52	54	56	58	60	62	64	66	68	70	72	74
018-F0_S3_L004_R1_001_val_1	629.0	1120.0	1364.0	1906.0	1853.0	2161.0	2873.0	6022.0	11090.0	15159.0	17653.0	21531.0	26194.0	29930.0	33419.0	35773.0	38596.0	44283.0	49076.0	53366.0	55754.0	59777.0	68780.0	84113.0	150130.0	655386.0	3156106.0	14220919.0
	20	22	24	26	28	30	32	34	36	38	40	42	44	46	48	50	52	54	56	58	60	62	64	66	68	70	72	74
018-F0_S3_L004_R2_001_val_2	2555.0	3096.0	3223.0	3562.0	3489.0	3896.0	4499.0	8112.0	12985.0	16285.0	18788.0	22653.0	27256.0	31271.0	34897.0	36859.0	40127.0	45621.0	50229.0	54533.0	57907.0	62165.0	71926.0	89317.0	161942.0	691070.0	3259940.0	14026760.0
	20	22	24	26	28	30	32	34	36	38	40	42	44	46	48	50	52	54	56	58	60	62	64	66	68	70	72	74
018-F5_S4_L001_R1_001_val_1	738.0	1466.0	1794.0	2303.0	2257.0	2720.0	3131.0	5635.0	9767.0	12806.0	15135.0	18617.0	22405.0	25337.0	28102.0	30673.0	33948.0	38137.0	41841.0	44933.0	47771.0	51920.0	60166.0	72475.0	133387.0	580251.0	2782833.0	12357823.0
	20	22	24	26	28	30	32	34	36	38	40	42	44	46	48	50	52	54	56	58	60	62	64	66	68	70	72	74
018-F5_S4_L001_R2_001_val_2	2148.0	2429.0	2618.0	3225.0	3004.0	3414.0	4291.0	6572.0	10430.0	13600.0	15637.0	18979.0	22803.0	26016.0	28810.0	31484.0	34562.0	39035.0	42594.0	45970.0	48827.0	53523.0	61617.0	76447.0	139737.0	599046.0	2842925.0	12248628.0
	20	22	24	26	28	30	32	34	36	38	40	42	44	46	48	50	52	54	56	58	60	62	64	66	68	70	72	74
018-F5_S4_L002_R1_001_val_1	763.0	1434.0	1814.0	2336.0	2260.0	2564.0	3215.0	5606.0	9972.0	12646.0	15102.0	18265.0	21975.0	25317.0	28021.0	30240.0	33163.0	38121.0	41581.0	44854.0	47601.0	51977.0	59622.0	72602.0	132406.0	575071.0	2753798.0	12237629.0
	20	22	24	26	28	30	32	34	36	38	40	42	44	46	48	50	52	54	56	58	60	62	64	66	68	70	72	74
018-F5_S4_L002_R2_001_val_2	2620.0	2858.0	3054.0	3333.0	3217.0	3560.0	4254.0	7197.0	11041.0	13778.0	15973.0	19020.0	22876.0	26046.0	29156.0	31106.0	34530.0	39481.0	42751.0	45717.0	48962.0	53914.0	62664.0	77127.0	141479.0	601531.0	2832994.0	12089716.0
	20	22	24	26	28	30	32	34	36	38	40	42	44	46	48	50	52	54	56	58	60	62	64	66	68	70	72	74
018-F5_S4_L003_R1_001_val_1	702.0	1347.0	1683.0	2238.0	2208.0	2473.0	3096.0	5608.0	9729.0	12683.0	14690.0	18357.0	22045.0	25339.0	27637.0	30279.0	33187.0	38044.0	41593.0	44533.0	47502.0	51926.0	59881.0	72620.0	131673.0	574220.0	2745748.0	12141854.0
	20	22	24	26	28	30	32	34	36	38	40	42	44	46	48	50	52	54	56	58	60	62	64	66	68	70	72	74
018-F5_S4_L003_R2_001_val_2	2208.0	2495.0	2657.0	3149.0	2929.0	3445.0	3961.0	6504.0	10388.0	13557.0	15232.0	18853.0	22633.0	25871.0	28592.0	31212.0	33957.0	38800.0	42424.0	45261.0	48321.0	53260.0	61512.0	75634.0	137386.0	593817.0	2800688.0	12038149.0
	20	22	24	26	28	30	32	34	36	38	40	42	44	46	48	50	52	54	56	58	60	62	64	66	68	70	72	74
018-F5_S4_L004_R1_001_val_1	696.0	1420.0	1754.0	2216.0	2305.0	2607.0	3269.0	5703.0	9940.0	12864.0	15210.0	18558.0	22616.0	25378.0	28330.0	31047.0	34104.0	38375.0	42189.0	45208.0	48201.0	52623.0	60322.0	73698.0	135212.0	586749.0	2817000.0	12479946.0
	20	22	24	26	28	30	32	34	36	38	40	42	44	46	48	50	52	54	56	58	60	62	64	66	68	70	72	74
018-F5_S4_L004_R2_001_val_2	2380.0	2870.0	2957.0	3451.0	3379.0	3691.0	4299.0	7007.0	10925.0	13638.0	16056.0	19454.0	23295.0	26347.0	29527.0	32167.0	34968.0	39856.0	43203.0	46281.0	49596.0	54444.0	63344.0	77673.0	143454.0	612927.0	2887702.0	12342649.0
	20	22	24	26	28	30	32	34	36	38	40	42	44	46	48	50	52	54	56	58	60	62	64	66	68	70	72	74
019-F0_S5_L001_R1_001_val_1	903.0	1698.0	2106.0	2930.0	2719.0	3248.0	3904.0	7611.0	13777.0	17227.0	19435.0	23248.0	27993.0	32079.0	35407.0	37688.0	40231.0	45856.0	50714.0	56036.0	58076.0	59303.0	67294.0	85387.0	140465.0	515447.0	2355691.0	10653823.0
	20	22	24	26	28	30	32	34	36	38	40	42	44	46	48	50	52	54	56	58	60	62	64	66	68	70	72	74
019-F0_S5_L001_R2_001_val_2	2379.0	2869.0	2995.0	3714.0	3401.0	3791.0	4777.0	8192.0	14368.0	17714.0	20029.0	23723.0	28285.0	32529.0	36309.0	38167.0	40726.0	46490.0	51523.0	56204.0	59086.0	60855.0	68956.0	88245.0	146470.0	528928.0	2403115.0	10566456.0
	20	22	24	26	28	30	32	34	36	38	40	42	44	46	48	50	52	54	56	58	60	62	64	66	68	70	72	74
019-F0_S5_L002_R1_001_val_1	829.0	1737.0	2063.0	2858.0	2699.0	3159.0	3987.0	7565.0	13836.0	17373.0	19396.0	22916.0	27503.0	31582.0	35081.0	37208.0	39695.0	45845.0	50456.0	55083.0	57318.0	58983.0	66784.0	84163.0	140029.0	509749.0	2327599.0	10515120.0
	20	22	24	26	28	30	32	34	36	38	40	42	44	46	48	50	52	54	56	58	60	62	64	66	68	70	72	74
019-F0_S5_L002_R2_001_val_2	2828.0	3196.0	3314.0	3765.0	3622.0	4015.0	4717.0	8762.0	14687.0	18033.0	20084.0	23608.0	28559.0	32107.0	36181.0	37962.0	40521.0	46641.0	51052.0	55708.0	58718.0	60352.0	69217.0	87268.0	147284.0	531052.0	2385542.0	10401821.0
	20	22	24	26	28	30	32	34	36	38	40	42	44	46	48	50	52	54	56	58	60	62	64	66	68	70	72	74
019-F0_S5_L003_R1_001_val_1	782.0	1650.0	1959.0	2843.0	2713.0	3133.0	3805.0	7670.0	13725.0	17475.0	19279.0	22947.0	27433.0	31636.0	35162.0	37220.0	39694.0	45175.0	50323.0	55293.0	57446.0	59123.0	66653.0	84365.0	140242.0	510262.0	2326125.0	10465360.0
	20	22	24	26	28	30	32	34	36	38	40	42	44	46	48	50	52	54	56	58	60	62	64	66	68	70	72	74
019-F0_S5_L003_R2_001_val_2	2402.0	2971.0	3102.0	3779.0	3352.0	3891.0	4648.0	8482.0	14429.0	17962.0	20062.0	23202.0	28049.0	32020.0	35879.0	37927.0	40356.0	46073.0	51006.0	55586.0	58265.0	60062.0	68147.0	87367.0	144917.0	524446.0	2366270.0	10384841.0
	20	22	24	26	28	30	32	34	36	38	40	42	44	46	48	50	52	54	56	58	60	62	64	66	68	70	72	74
019-F0_S5_L004_R1_001_val_1	892.0	1664.0	1987.0	2906.0	2640.0	3122.0	3799.0	7810.0	13949.0	17337.0	19453.0	23305.0	28178.0	31946.0	35670.0	38000.0	40291.0	46359.0	52022.0	56140.0	58431.0	59795.0	67853.0	86042.0	142959.0	520763.0	2376952.0	10736199.0
	20	22	24	26	28	30	32	34	36	38	40	42	44	46	48	50	52	54	56	58	60	62	64	66	68	70	72	74
019-F0_S5_L004_R2_001_val_2	2625.0	3324.0	3291.0	3746.0	3618.0	4100.0	4743.0	8668.0	14653.0	18154.0	19959.0	23776.0	28456.0	32917.0	36243.0	38840.0	41023.0	47359.0	52590.0	56888.0	59625.0	61094.0	70104.0	89119.0	150062.0	539574.0	2432616.0	10629297.0
	20	22	24	26	28	30	32	34	36	38	40	42	44	46	48	50	52	54	56	58	60	62	64	66	68	70	72	74
019-F5_S6_L001_R1_001_val_1	783.0	1631.0	1832.0	2672.0	2565.0	3010.0	4055.0	11823.0	22436.0	28210.0	31367.0	36557.0	44041.0	48882.0	53320.0	54662.0	58289.0	65129.0	71861.0	75503.0	77609.0	81678.0	92039.0	110193.0	184461.0	749472.0	3529451.0	15933053.0
	20	22	24	26	28	30	32	34	36	38	40	42	44	46	48	50	52	54	56	58	60	62	64	66	68	70	72	74
019-F5_S6_L001_R2_001_val_2	3172.0	3528.0	3777.0	4466.0	4228.0	4652.0	6126.0	13220.0	23572.0	29239.0	32232.0	37423.0	44972.0	49917.0	54356.0	56410.0	58946.0	66274.0	73151.0	76214.0	79074.0	84258.0	94031.0	114557.0	193804.0	773190.0	3612682.0	15779113.0
	20	22	24	26	28	30	32	34	36	38	40	42	44	46	48	50	52	54	56	58	60	62	64	66	68	70	72	74
019-F5_S6_L002_R1_001_val_1	780.0	1513.0	1897.0	2644.0	2600.0	3044.0	4241.0	11736.0	22625.0	28432.0	31095.0	36858.0	43645.0	48568.0	52456.0	54327.0	57515.0	64450.0	71282.0	74807.0	77281.0	80476.0	90823.0	108653.0	184045.0	739863.0	3489047.0	15748131.0
	20	22	24	26	28	30	32	34	36	38	40	42	44	46	48	50	52	54	56	58	60	62	64	66	68	70	72	74
019-F5_S6_L002_R2_001_val_2	3989.0	4186.0	4324.0	4819.0	4627.0	5030.0	6342.0	14226.0	24458.0	29877.0	32477.0	38033.0	44775.0	50210.0	53720.0	56005.0	59227.0	65753.0	72128.0	76354.0	78697.0	83438.0	94459.0	114788.0	196399.0	775623.0	3594658.0	15544212.0
	20	22	24	26	28	30	32	34	36	38	40	42	44	46	48	50	52	54	56	58	60	62	64	66	68	70	72	74
019-F5_S6_L003_R1_001_val_1	745.0	1504.0	1854.0	2668.0	2532.0	3026.0	4094.0	11731.0	22147.0	27906.0	31057.0	36850.0	43475.0	48622.0	52898.0	54174.0	57930.0	64136.0	71013.0	74538.0	76928.0	80875.0	91081.0	109474.0	183663.0	739768.0	3476827.0	15617671.0
	20	22	24	26	28	30	32	34	36	38	40	42	44	46	48	50	52	54	56	58	60	62	64	66	68	70	72	74
019-F5_S6_L003_R2_001_val_2	3375.0	3633.0	3892.0	4642.0	4278.0	4816.0	5993.0	13323.0	23473.0	29208.0	32012.0	37675.0	44126.0	49710.0	53719.0	55999.0	58912.0	64992.0	72083.0	75656.0	78091.0	82151.0	93389.0	113882.0	191708.0	761576.0	3551460.0	15475413.0
	20	22	24	26	28	30	32	34	36	38	40	42	44	46	48	50	52	54	56	58	60	62	64	66	68	70	72	74
019-F5_S6_L004_R1_001_val_1	811.0	1629.0	1924.0	2641.0	2526.0	3033.0	4175.0	11760.0	22772.0	28879.0	31870.0	37294.0	44122.0	49678.0	53574.0	55563.0	58500.0	65947.0	72279.0	75528.0	78323.0	81865.0	92577.0	110954.0	186448.0	754680.0	3563665.0	16063487.0
	20	22	24	26	28	30	32	34	36	38	40	42	44	46	48	50	52	54	56	58	60	62	64	66	68	70	72	74
019-F5_S6_L004_R2_001_val_2	3660.0	4313.0	4367.0	4913.0	4725.0	5195.0	6222.0	13880.0	24497.0	30258.0	33009.0	38656.0	45163.0	50932.0	54967.0	57212.0	59925.0	67052.0	73319.0	77202.0	80058.0	84485.0	95159.0	116329.0	198051.0	788209.0	3662818.0	15871928.0
	20	22	24	26	28	30	32	34	36	38	40	42	44	46	48	50	52	54	56	58	60	62	64	66	68	70	72	74	76
029-F0_S5_L001_R1_001_val_1	1193.0	2749.0	3047.0	4420.0	3824.0	4713.0	6758.0	31229.0	58925.0	67355.0	71605.0	80673.0	90537.0	97611.0	102995.0	105227.0	110396.0	120505.0	127379.0	131279.0	132647.0	137385.0	147477.0	160110.0	192164.0	378270.0	1773775.0	5607369.0	11651564.0
	20	22	24	26	28	30	32	34	36	38	40	42	44	46	48	50	52	54	56	58	60	62	64	66	68	70	72	74	76
029-F0_S5_L001_R2_001_val_2	3083.0	3949.0	3683.0	4785.0	4476.0	5250.0	7528.0	31459.0	58526.0	67669.0	72000.0	80954.0	91080.0	98002.0	103132.0	105718.0	110385.0	120846.0	127589.0	132381.0	133600.0	139173.0	149628.0	165014.0	201468.0	403358.0	1845817.0	5935535.0	11197093.0
	20	22	24	26	28	30	32	34	36	38	40	42	44	46	48	50	52	54	56	58	60	62	64	66	68	70	72	74	76
029-F0_S5_L002_R1_001_val_1	1182.0	2667.0	2861.0	4120.0	3636.0	4457.0	6701.0	29601.0	55971.0	64255.0	68610.0	77116.0	87138.0	93473.0	97989.0	100614.0	105898.0	115019.0	121178.0	125003.0	126551.0	131073.0	140125.0	153686.0	184185.0	361070.0	1694040.0	5318213.0	11177984.0
	20	22	24	26	28	30	32	34	36	38	40	42	44	46	48	50	52	54	56	58	60	62	64	66	68	70	72	74	76
029-F0_S5_L002_R2_001_val_2	3424.0	4338.0	3887.0	4782.0	4563.0	5359.0	7318.0	30369.0	56818.0	64835.0	68895.0	78188.0	87149.0	94429.0	98253.0	101608.0	106721.0	115474.0	122421.0	126265.0	128201.0	133165.0	143800.0	159177.0	195834.0	390178.0	1763205.0	5624977.0	10730783.0
	20	22	24	26	28	30	32	34	36	38	40	42	44	46	48	50	52	54	56	58	60	62	64	66	68	70	72	74	76
029-F0_S5_L003_R1_001_val_1	1228.0	2735.0	2889.0	4414.0	3709.0	4636.0	6962.0	31063.0	59054.0	68019.0	71593.0	81490.0	91756.0	99391.0	104367.0	106455.0	112394.0	122914.0	129134.0	133546.0	135067.0	139323.0	149964.0	162631.0	195268.0	383609.0	1799099.0	5677619.0	11754986.0
	20	22	24	26	28	30	32	34	36	38	40	42	44	46	48	50	52	54	56	58	60	62	64	66	68	70	72	74	76
029-F0_S5_L003_R2_001_val_2	2889.0	3890.0	3453.0	4496.0	4250.0	4976.0	7287.0	31654.0	58755.0	68206.0	71923.0	81961.0	91871.0	99404.0	104079.0	106904.0	113185.0	122471.0	129839.0	134108.0	136350.0	141111.0	151770.0	166607.0	203164.0	405458.0	1856903.0	5941367.0	11386984.0
	20	22	24	26	28	30	32	34	36	38	40	42	44	46	48	50	52	54	56	58	60	62	64	66	68	70	72	74	76
029-F0_S5_L004_R1_001_val_1	1170.0	2515.0	2834.0	4240.0	3532.0	4582.0	6530.0	29149.0	55520.0	63924.0	67550.0	75932.0	85689.0	91847.0	95977.0	99429.0	104167.0	113744.0	120575.0	124005.0	125250.0	129113.0	138631.0	151152.0	180990.0	354833.0	1679807.0	5276658.0	11093381.0
	20	22	24	26	28	30	32	34	36	38	40	42	44	46	48	50	52	54	56	58	60	62	64	66	68	70	72	74	76
029-F0_S5_L004_R2_001_val_2	3271.0	3922.0	3706.0	4747.0	4382.0	5279.0	7173.0	29835.0	55871.0	63733.0	68175.0	76421.0	86032.0	91845.0	96726.0	100091.0	105199.0	113770.0	121035.0	124958.0	126854.0	130989.0	141358.0	155755.0	191315.0	380896.0	1748501.0	5587539.0	10653348.0
	20	22	24	26	28	30	32	34	36	38	40	42	44	46	48	50	52	54	56	58	60	62	64	66	68	70	72	74	76
029-F5_S4_L001_R1_001_val_1	698.0	1252.0	1586.0	1945.0	2169.0	2646.0	4674.0	29379.0	56668.0	66547.0	70971.0	81679.0	93348.0	99993.0	105978.0	108882.0	115375.0	124334.0	132962.0	136882.0	138086.0	146288.0	157137.0	169682.0	205825.0	433703.0	2170917.0	6845377.0	13916409.0
	20	22	24	26	28	30	32	34	36	38	40	42	44	46	48	50	52	54	56	58	60	62	64	66	68	70	72	74	76
029-F5_S4_L001_R2_001_val_2	2631.0	2894.0	2832.0	3306.0	3382.0	3968.0	6308.0	30525.0	57306.0	67609.0	72497.0	82617.0	93562.0	100992.0	106896.0	110140.0	116053.0	124969.0	134140.0	138117.0	140299.0	147937.0	160490.0	175379.0	217074.0	466170.0	2257220.0	7248178.0	13347901.0
	20	22	24	26	28	30	32	34	36	38	40	42	44	46	48	50	52	54	56	58	60	62	64	66	68	70	72	74	76
029-F5_S4_L002_R1_001_val_1	628.0	1176.0	1458.0	1847.0	2041.0	2437.0	4382.0	27618.0	54069.0	63806.0	68308.0	77547.0	88646.0	96018.0	100687.0	104495.0	110215.0	119618.0	127337.0	130814.0	131951.0	140100.0	150485.0	163120.0	197047.0	413911.0	2071950.0	6509693.0	13387085.0
	20	22	24	26	28	30	32	34	36	38	40	42	44	46	48	50	52	54	56	58	60	62	64	66	68	70	72	74	76
029-F5_S4_L002_R2_001_val_2	3112.0	3590.0	3274.0	3638.0	3727.0	4214.0	6216.0	29642.0	55205.0	65329.0	70282.0	79161.0	89780.0	97532.0	102125.0	105906.0	112284.0	121233.0	129079.0	132856.0	134683.0	143592.0	154853.0	170452.0	211382.0	452208.0	2162979.0	6877706.0	12822449.0
	20	22	24	26	28	30	32	34	36	38	40	42	44	46	48	50	52	54	56	58	60	62	64	66	68	70	72	74	76
029-F5_S4_L003_R1_001_val_1	654.0	1220.0	1432.0	1921.0	2098.0	2487.0	4613.0	29088.0	56390.0	67172.0	71675.0	81829.0	94731.0	101749.0	107031.0	110708.0	116464.0	127309.0	136133.0	139434.0	140637.0	148405.0	159700.0	173018.0	209625.0	439652.0	2193407.0	6919558.0	14031725.0
	20	22	24	26	28	30	32	34	36	38	40	42	44	46	48	50	52	54	56	58	60	62	64	66	68	70	72	74	76
029-F5_S4_L003_R2_001_val_2	2187.0	2592.0	2498.0	2938.0	3102.0	3434.0	5656.0	29858.0	57135.0	67881.0	72379.0	82960.0	94582.0	102369.0	107836.0	111630.0	117674.0	128280.0	136575.0	140629.0	142316.0	150187.0	162513.0	177924.0	218745.0	466668.0	2267145.0	7243118.0	13569054.0
	20	22	24	26	28	30	32	34	36	38	40	42	44	46	48	50	52	54	56	58	60	62	64	66	68	70	72	74	76
029-F5_S4_L004_R1_001_val_1	632.0	1205.0	1452.0	1845.0	1944.0	2457.0	4377.0	27392.0	53277.0	62530.0	67169.0	76394.0	87930.0	94830.0	100028.0	102443.0	108667.0	117946.0	125249.0	129188.0	131325.0	138457.0	148178.0	160788.0	194535.0	409630.0	2057656.0	6464054.0	13313798.0
	20	22	24	26	28	30	32	34	36	38	40	42	44	46	48	50	52	54	56	58	60	62	64	66	68	70	72	74	76
029-F5_S4_L004_R2_001_val_2	2868.0	3090.0	3197.0	3471.0	3750.0	4032.0	6090.0	28782.0	54176.0	64155.0	68091.0	78071.0	88119.0	95763.0	100960.0	104418.0	109913.0	119231.0	126527.0	131143.0	133322.0	141745.0	152733.0	165964.0	207312.0	443892.0	2147449.0	6850874.0	12746238.0
	20	22	24	26	28	30	32	34	36	38	40	42	44	46	48	50	52	54	56	58	60	62	64	66	68	70	72	74	76
030-F0_S1_L001_R1_001_val_1	1104.0	2385.0	2818.0	4261.0	3634.0	4398.0	5942.0	19456.0	34917.0	40256.0	45709.0	52475.0	58850.0	62682.0	64775.0	69873.0	76384.0	85698.0	89105.0	94197.0	99122.0	102444.0	114209.0	133389.0	163329.0	311201.0	1412322.0	4507202.0	10123738.0
	20	22	24	26	28	30	32	34	36	38	40	42	44	46	48	50	52	54	56	58	60	62	64	66	68	70	72	74	76
030-F0_S1_L001_R2_001_val_2	2941.0	3770.0	3791.0	4785.0	4381.0	5066.0	6566.0	19970.0	35286.0	40708.0	45664.0	52833.0	59165.0	62981.0	64973.0	70568.0	76812.0	86111.0	89653.0	94286.0	99620.0	103573.0	115923.0	136038.0	168843.0	324870.0	1440631.0	4627677.0	9938390.0
	20	22	24	26	28	30	32	34	36	38	40	42	44	46	48	50	52	54	56	58	60	62	64	66	68	70	72	74	76
030-F0_S1_L002_R1_001_val_1	1021.0	2221.0	2681.0	4003.0	3387.0	4296.0	5581.0	18590.0	33512.0	38749.0	43641.0	50404.0	56892.0	60381.0	62752.0	67032.0	73342.0	82354.0	85769.0	90196.0	95359.0	98556.0	110117.0	128046.0	157109.0	300571.0	1369634.0	4359821.0	9852279.0
	20	22	24	26	28	30	32	34	36	38	40	42	44	46	48	50	52	54	56	58	60	62	64	66	68	70	72	74	76
030-F0_S1_L002_R2_001_val_2	3121.0	3785.0	3805.0	4674.0	4386.0	5189.0	6431.0	19346.0	33944.0	39159.0	43955.0	50817.0	57160.0	60687.0	63479.0	67643.0	73934.0	82965.0	86002.0	90865.0	95977.0	100096.0	111630.0	131518.0	163439.0	317965.0	1402955.0	4504552.0	9628817.0
	20	22	24	26	28	30	32	34	36	38	40	42	44	46	48	50	52	54	56	58	60	62	64	66	68	70	72	74	76
030-F0_S1_L003_R1_001_val_1	1099.0	2250.0	2678.0	4158.0	3668.0	4428.0	5837.0	19264.0	34309.0	39846.0	44570.0	51716.0	58323.0	62101.0	64274.0	69220.0	75473.0	85071.0	88899.0	93405.0	98502.0	101933.0	112926.0	131771.0	162963.0	310980.0	1413358.0	4505612.0	10104142.0
	20	22	24	26	28	30	32	34	36	38	40	42	44	46	48	50	52	54	56	58	60	62	64	66	68	70	72	74	76
030-F0_S1_L003_R2_001_val_2	2862.0	3818.0	3576.0	4681.0	4185.0	5104.0	6344.0	19608.0	34506.0	40090.0	45120.0	52166.0	58681.0	62452.0	64458.0	70024.0	75807.0	85849.0	89242.0	93970.0	99239.0	103061.0	114482.0	135288.0	167696.0	323853.0	1438964.0	4630884.0	9916766.0
	20	22	24	26	28	30	32	34	36	38	40	42	44	46	48	50	52	54	56	58	60	62	64	66	68	70	72	74	76
030-F0_S1_L004_R1_001_val_1	1086.0	2243.0	2661.0	4111.0	3612.0	4380.0	5845.0	18569.0	33601.0	38466.0	43187.0	50798.0	57016.0	60408.0	62945.0	67295.0	73891.0	83278.0	86933.0	91117.0	96433.0	99913.0	111051.0	129716.0	159228.0	305838.0	1388273.0	4420719.0	10014895.0
	20	22	24	26	28	30	32	34	36	38	40	42	44	46	48	50	52	54	56	58	60	62	64	66	68	70	72	74	76
030-F0_S1_L004_R2_001_val_2	3187.0	4086.0	3934.0	4986.0	4476.0	5148.0	6656.0	19386.0	34241.0	38981.0	44041.0	51592.0	57359.0	61280.0	63698.0	68007.0	74518.0	83702.0	87377.0	92213.0	97447.0	101786.0	113033.0	133219.0	166131.0	323260.0	1425885.0	4584852.0	9763027.0
	20	22	24	26	28	30	32	34	36	38	40	42	44	46	48	50	52	54	56	58	60	62	64	66	68	70	72	74	76
030-F5_S6_L001_R1_001_val_1	424.0	890.0	1079.0	1512.0	1446.0	1846.0	2520.0	9305.0	17667.0	22460.0	26531.0	32366.0	37710.0	40876.0	42890.0	45874.0	50932.0	57034.0	59250.0	62559.0	65570.0	67195.0	74451.0	86731.0	103650.0	183347.0	777551.0	2472880.0	5677795.0
	20	22	24	26	28	30	32	34	36	38	40	42	44	46	48	50	52	54	56	58	60	62	64	66	68	70	72	74	76
030-F5_S6_L001_R2_001_val_2	1479.0	1789.0	1778.0	2134.0	2081.0	2455.0	3197.0	9832.0	18022.0	22862.0	26770.0	32691.0	37834.0	41131.0	43186.0	46286.0	51409.0	56624.0	59497.0	62526.0	66059.0	67531.0	75388.0	88309.0	106001.0	190221.0	790575.0	2535397.0	5581277.0
	20	22	24	26	28	30	32	34	36	38	40	42	44	46	48	50	52	54	56	58	60	62	64	66	68	70	72	74	76
030-F5_S6_L002_R1_001_val_1	428.0	794.0	1032.0	1559.0	1425.0	1759.0	2531.0	9044.0	16808.0	21271.0	25226.0	30821.0	35744.0	38870.0	40635.0	44453.0	48505.0	54965.0	57095.0	60305.0	62928.0	64482.0	71981.0	83539.0	99757.0	176606.0	751389.0	2392260.0	5522240.0
	20	22	24	26	28	30	32	34	36	38	40	42	44	46	48	50	52	54	56	58	60	62	64	66	68	70	72	74	76
030-F5_S6_L002_R2_001_val_2	1569.0	1764.0	1860.0	2179.0	2208.0	2464.0	3203.0	9491.0	17456.0	21677.0	25500.0	31168.0	36030.0	38626.0	41148.0	44854.0	48885.0	55107.0	57058.0	60329.0	63366.0	65461.0	72700.0	85399.0	102725.0	185476.0	767867.0	2465896.0	5406986.0
	20	22	24	26	28	30	32	34	36	38	40	42	44	46	48	50	52	54	56	58	60	62	64	66	68	70	72	74	76
030-F5_S6_L003_R1_001_val_1	388.0	803.0	1003.0	1486.0	1379.0	1794.0	2559.0	9112.0	17048.0	21607.0	25653.0	31142.0	36685.0	39269.0	41954.0	45276.0	49882.0	56558.0	58413.0	61953.0	65180.0	67101.0	73997.0	85945.0	103215.0	182744.0	777986.0	2479656.0	5676576.0
	20	22	24	26	28	30	32	34	36	38	40	42	44	46	48	50	52	54	56	58	60	62	64	66	68	70	72	74	76
030-F5_S6_L003_R2_001_val_2	1425.0	1730.0	1774.0	2088.0	2089.0	2404.0	3024.0	9392.0	17586.0	22003.0	26227.0	31658.0	36878.0	39220.0	42245.0	45613.0	50040.0	56893.0	58905.0	61930.0	65276.0	67658.0	74921.0	87246.0	105576.0	189669.0	790743.0	2536530.0	5585621.0
	20	22	24	26	28	30	32	34	36	38	40	42	44	46	48	50	52	54	56	58	60	62	64	66	68	70	72	74	76
030-F5_S6_L004_R1_001_val_1	417.0	829.0	1047.0	1436.0	1390.0	1709.0	2490.0	8583.0	16538.0	21099.0	24872.0	30232.0	35616.0	38600.0	41081.0	44644.0	48835.0	55206.0	57487.0	60877.0	63930.0	65482.0	72457.0	84711.0	100853.0	178014.0	762217.0	2426187.0	5616479.0
	20	22	24	26	28	30	32	34	36	38	40	42	44	46	48	50	52	54	56	58	60	62	64	66	68	70	72	74	76
030-F5_S6_L004_R2_001_val_2	1595.0	1891.0	2001.0	2227.0	2241.0	2463.0	3298.0	9378.0	17181.0	21574.0	25482.0	30854.0	35655.0	39109.0	41594.0	44744.0	49252.0	55784.0	57677.0	60860.0	64180.0	66388.0	73541.0	86639.0	103764.0	188604.0	782343.0	2507683.0	5485316.0
	20	22	24	26	28	30	32	34	36	38	40	42	44	46	48	50	52	54	56	58	60	62	64	66	68	70	72	74	76
032-F0_S5_L001_R1_001_val_1	868.0	1390.0	1672.0	2173.0	2251.0	2727.0	3888.0	13068.0	25509.0	34850.0	41682.0	51935.0	61896.0	68306.0	73815.0	80923.0	91011.0	104207.0	110796.0	116001.0	123373.0	136136.0	153839.0	169687.0	214882.0	499404.0	2659490.0	8594603.0	18867414.0
	20	22	24	26	28	30	32	34	36	38	40	42	44	46	48	50	52	54	56	58	60	62	64	66	68	70	72	74	76
032-F0_S5_L001_R2_001_val_2	2830.0	3247.0	3315.0	3859.0	4029.0	4474.0	5868.0	15048.0	27204.0	36144.0	42795.0	53041.0	62622.0	69324.0	75735.0	82121.0	93431.0	105549.0	112612.0	117942.0	124805.0	138220.0	156533.0	174845.0	225081.0	526931.0	2728518.0	8817429.0	18494244.0
	20	22	24	26	28	30	32	34	36	38	40	42	44	46	48	50	52	54	56	58	60	62	64	66	68	70	72	74	76
032-F0_S5_L002_R1_001_val_1	773.0	1313.0	1513.0	2167.0	2247.0	2592.0	3902.0	12744.0	24898.0	33117.0	39560.0	49625.0	59568.0	65709.0	71043.0	77546.0	88022.0	99436.0	106673.0	112160.0	118442.0	130333.0	147494.0	163589.0	207010.0	482369.0	2574392.0	8297169.0	18334588.0
	20	22	24	26	28	30	32	34	36	38	40	42	44	46	48	50	52	54	56	58	60	62	64	66	68	70	72	74	76
032-F0_S5_L002_R2_001_val_2	3135.0	3570.0	3569.0	4033.0	4254.0	4821.0	5927.0	14953.0	26704.0	34920.0	41151.0	50711.0	60856.0	66519.0	73038.0	79665.0	90064.0	101111.0	108665.0	113807.0	120462.0	132950.0	151477.0	169387.0	218784.0	513190.0	2650481.0	8553112.0	17908678.0
	20	22	24	26	28	30	32	34	36	38	40	42	44	46	48	50	52	54	56	58	60	62	64	66	68	70	72	74	76
032-F0_S5_L003_R1_001_val_1	780.0	1375.0	1555.0	2117.0	2316.0	2627.0	3934.0	13189.0	25226.0	33735.0	40423.0	50738.0	60819.0	67692.0	72829.0	79685.0	90431.0	102754.0	109810.0	116082.0	122797.0	135108.0	152432.0	168771.0	214222.0	499912.0	2664620.0	8605793.0	18855333.0
	20	22	24	26	28	30	32	34	36	38	40	42	44	46	48	50	52	54	56	58	60	62	64	66	68	70	72	74	76
032-F0_S5_L003_R2_001_val_2	2633.0	3284.0	3185.0	3667.0	3952.0	4456.0	5731.0	14774.0	26746.0	35238.0	41926.0	51778.0	61646.0	69088.0	74262.0	81825.0	92611.0	104344.0	111409.0	116880.0	124640.0	137601.0	155659.0	173129.0	223538.0	525968.0	2732466.0	8828513.0	18486156.0
	20	22	24	26	28	30	32	34	36	38	40	42	44	46	48	50	52	54	56	58	60	62	64	66	68	70	72	74	76
032-F0_S5_L004_R1_001_val_1	793.0	1432.0	1647.0	2055.0	2213.0	2700.0	3941.0	12614.0	24687.0	32912.0	39601.0	49588.0	60023.0	65623.0	71400.0	78300.0	88655.0	100203.0	107402.0	113593.0	118786.0	132163.0	148577.0	164533.0	209056.0	488215.0	2611460.0	8417508.0	18639662.0
	20	22	24	26	28	30	32	34	36	38	40	42	44	46	48	50	52	54	56	58	60	62	64	66	68	70	72	74	76
032-F0_S5_L004_R2_001_val_2	3201.0	3727.0	3847.0	4432.0	4568.0	4841.0	6199.0	14985.0	26701.0	34859.0	41697.0	51171.0	61227.0	67189.0	73418.0	80468.0	90993.0	102290.0	109034.0	115045.0	122261.0	134977.0	152592.0	171448.0	222232.0	523087.0	2695887.0	8712249.0	18154717.0
	20	22	24	26	28	30	32	34	36	38	40	42	44	46	48	50	52	54	56	58	60	62	64	66	68	70	72	74	76
032-F5_S3_L001_R1_001_val_1	865.0	1615.0	1741.0	2200.0	2660.0	3012.0	4802.0	22195.0	43699.0	57083.0	67184.0	82720.0	98071.0	108363.0	115978.0	123332.0	137220.0	153243.0	163517.0	169467.0	175631.0	194732.0	216888.0	234363.0	296302.0	689238.0	3670731.0	11767835.0	25522556.0
	20	22	24	26	28	30	32	34	36	38	40	42	44	46	48	50	52	54	56	58	60	62	64	66	68	70	72	74	76
032-F5_S3_L001_R2_001_val_2	3295.0	3771.0	3924.0	4478.0	4852.0	5473.0	7461.0	24515.0	45993.0	58819.0	68777.0	84162.0	99968.0	109340.0	118363.0	126168.0	139656.0	155420.0	165575.0	171770.0	178060.0	197406.0	220499.0	240639.0	307892.0	722090.0	3746727.0	12065447.0	25046703.0
	20	22	24	26	28	30	32	34	36	38	40	42	44	46	48	50	52	54	56	58	60	62	64	66	68	70	72	74	76
032-F5_S3_L002_R1_001_val_1	844.0	1511.0	1658.0	2224.0	2474.0	2846.0	4761.0	21162.0	41976.0	55220.0	63858.0	79656.0	94330.0	104631.0	111656.0	119052.0	132262.0	148522.0	158770.0	163879.0	168976.0	187058.0	209393.0	226925.0	285714.0	666836.0	3561801.0	11384529.0	24885937.0
	20	22	24	26	28	30	32	34	36	38	40	42	44	46	48	50	52	54	56	58	60	62	64	66	68	70	72	74	76
032-F5_S3_L002_R2_001_val_2	3686.0	4211.0	4278.0	4776.0	5442.0	5919.0	7901.0	23941.0	44561.0	57442.0	65619.0	81359.0	96082.0	105836.0	114451.0	121652.0	135275.0	150579.0	160598.0	167139.0	171969.0	190748.0	213532.0	234716.0	300678.0	708865.0	3657815.0	11744054.0	24305337.0
	20	22	24	26	28	30	32	34	36	38	40	42	44	46	48	50	52	54	56	58	60	62	64	66	68	70	72	74	76
032-F5_S3_L003_R1_001_val_1	912.0	1490.0	1657.0	2165.0	2627.0	2976.0	5022.0	22133.0	42664.0	55561.0	65363.0	81345.0	96364.0	106188.0	114964.0	121730.0	135460.0	152485.0	163635.0	168315.0	175453.0	193074.0	215732.0	234129.0	295396.0	687208.0	3683454.0	11782681.0	25541823.0
	20	22	24	26	28	30	32	34	36	38	40	42	44	46	48	50	52	54	56	58	60	62	64	66	68	70	72	74	76
032-F5_S3_L003_R2_001_val_2	3179.0	3731.0	3861.0	4335.0	4804.0	5453.0	7320.0	23631.0	44950.0	58105.0	66822.0	83090.0	98247.0	107567.0	117139.0	124444.0	138412.0	154303.0	165491.0	171033.0	176945.0	196002.0	220327.0	240421.0	307045.0	720370.0	3755999.0	12095399.0	25053581.0
	20	22	24	26	28	30	32	34	36	38	40	42	44	46	48	50	52	54	56	58	60	62	64	66	68	70	72	74	76
032-F5_S3_L004_R1_001_val_1	785.0	1521.0	1692.0	2113.0	2601.0	2868.0	4909.0	21324.0	41774.0	54818.0	63935.0	79361.0	94420.0	104322.0	112425.0	119178.0	133957.0	149265.0	159866.0	165381.0	170816.0	189722.0	211516.0	228663.0	289018.0	672398.0	3608426.0	11542764.0	25279185.0
	20	22	24	26	28	30	32	34	36	38	40	42	44	46	48	50	52	54	56	58	60	62	64	66	68	70	72	74	76
032-F5_S3_L004_R2_001_val_2	4120.0	4508.0	4631.0	5213.0	5655.0	6063.0	8186.0	24525.0	45111.0	57525.0	66454.0	82051.0	96524.0	106458.0	114682.0	122722.0	137048.0	152188.0	162734.0	168220.0	174653.0	193851.0	216802.0	237511.0	305875.0	716576.0	3716118.0	11953060.0	24619959.0
	20	22	24	26	28	30	32	34	36	38	40	42	44	46	48	50	52	54	56	58	60	62	64	66	68	70	72	74	76
040-F0_S2_L001_R1_001_val_1	552.0	1111.0	1321.0	1871.0	1784.0	2191.0	2777.0	8544.0	15819.0	19781.0	23082.0	28328.0	33107.0	35648.0	38742.0	41810.0	47356.0	52705.0	55971.0	60034.0	63371.0	66804.0	75317.0	87404.0	110080.0	223972.0	1086147.0	3494406.0	7870532.0
	20	22	24	26	28	30	32	34	36	38	40	42	44	46	48	50	52	54	56	58	60	62	64	66	68	70	72	74	76
040-F0_S2_L001_R2_001_val_2	1623.0	2031.0	2205.0	2531.0	2427.0	2865.0	3660.0	9063.0	16249.0	20401.0	24017.0	28675.0	33226.0	36037.0	39184.0	42839.0	47097.0	53581.0	56523.0	60195.0	63941.0	67733.0	76443.0	89792.0	113289.0	234779.0	1108106.0	3584523.0	7727532.0
	20	22	24	26	28	30	32	34	36	38	40	42	44	46	48	50	52	54	56	58	60	62	64	66	68	70	72	74	76
040-F0_S2_L002_R1_001_val_1	556.0	1011.0	1266.0	1739.0	1760.0	2081.0	2876.0	8077.0	15054.0	19050.0	22700.0	27124.0	31819.0	34341.0	37245.0	40753.0	45073.0	50606.0	53973.0	57831.0	61520.0	64461.0	72410.0	84303.0	105005.0	216203.0	1050166.0	3370800.0	7635205.0
	20	22	24	26	28	30	32	34	36	38	40	42	44	46	48	50	52	54	56	58	60	62	64	66	68	70	72	74	76
040-F0_S2_L002_R2_001_val_2	1783.0	2102.0	2121.0	2543.0	2526.0	2851.0	3550.0	8798.0	15660.0	19592.0	23240.0	27737.0	32092.0	34838.0	37537.0	41437.0	45656.0	51256.0	54240.0	58395.0	62275.0	65670.0	73918.0	86418.0	109356.0	227699.0	1073240.0	3473372.0	7475106.0
	20	22	24	26	28	30	32	34	36	38	40	42	44	46	48	50	52	54	56	58	60	62	64	66	68	70	72	74	76
040-F0_S2_L003_R1_001_val_1	567.0	1026.0	1319.0	1840.0	1855.0	2171.0	2860.0	8532.0	15427.0	19433.0	23015.0	27822.0	32099.0	35681.0	37952.0	42039.0	46239.0	52759.0	56335.0	59679.0	63234.0	66762.0	75119.0	86905.0	108740.0	224122.0	1087344.0	3505563.0	7883112.0
	20	22	24	26	28	30	32	34	36	38	40	42	44	46	48	50	52	54	56	58	60	62	64	66	68	70	72	74	76
040-F0_S2_L003_R2_001_val_2	1725.0	2081.0	2155.0	2491.0	2576.0	2825.0	3541.0	8846.0	16138.0	19872.0	23519.0	28103.0	32899.0	36241.0	38525.0	42927.0	46792.0	53534.0	56516.0	60420.0	63784.0	67333.0	76503.0	88700.0	112715.0	234898.0	1110016.0	3592528.0	7741348.0
	20	22	24	26	28	30	32	34	36	38	40	42	44	46	48	50	52	54	56	58	60	62	64	66	68	70	72	74	76
040-F0_S2_L004_R1_001_val_1	587.0	1089.0	1346.0	1766.0	1805.0	2080.0	2892.0	8254.0	15178.0	18837.0	22380.0	27203.0	31310.0	34474.0	37620.0	40959.0	45457.0	51558.0	54567.0	58118.0	61627.0	65294.0	73263.0	85407.0	106101.0	219066.0	1062768.0	3422203.0	7765892.0
	20	22	24	26	28	30	32	34	36	38	40	42	44	46	48	50	52	54	56	58	60	62	64	66	68	70	72	74	76
040-F0_S2_L004_R2_001_val_2	1935.0	2254.0	2400.0	2691.0	2617.0	2799.0	3766.0	9099.0	15824.0	19717.0	23269.0	27696.0	32120.0	35078.0	38143.0	41968.0	45954.0	52270.0	55289.0	58716.0	62645.0	66447.0	75001.0	87799.0	110976.0	231505.0	1094165.0	3538952.0	7578006.0
	20	22	24	26	28	30	32	34	36	38	40	42	44	46	48	50	52	54	56	58	60	62	64	66	68	70	72	74	76
040-F5_S4_L001_R1_001_val_1	541.0	1029.0	1165.0	1654.0	1596.0	1995.0	2960.0	11649.0	22378.0	29708.0	35043.0	43311.0	50681.0	54400.0	57380.0	62289.0	69732.0	78859.0	82088.0	85218.0	90041.0	96776.0	108087.0	120240.0	146819.0	307062.0	1515962.0	4873107.0	10875020.0
	20	22	24	26	28	30	32	34	36	38	40	42	44	46	48	50	52	54	56	58	60	62	64	66	68	70	72	74	76
040-F5_S4_L001_R2_001_val_2	1786.0	2179.0	2278.0	2545.0	2620.0	2979.0	4076.0	12548.0	23261.0	30365.0	35562.0	43579.0	50942.0	55027.0	57972.0	63337.0	70537.0	79853.0	82747.0	85907.0	90627.0	98458.0	109643.0	122910.0	151421.0	320083.0	1541724.0	4999566.0	10682258.0
	20	22	24	26	28	30	32	34	36	38	40	42	44	46	48	50	52	54	56	58	60	62	64	66	68	70	72	74	76
040-F5_S4_L002_R1_001_val_1	494.0	979.0	1146.0	1526.0	1605.0	1855.0	2874.0	11257.0	22041.0	28374.0	33586.0	41970.0	49048.0	52367.0	55224.0	60086.0	67406.0	76337.0	79329.0	82256.0	86706.0	93273.0	104281.0	115461.0	142179.0	297077.0	1466471.0	4705567.0	10583606.0
	20	22	24	26	28	30	32	34	36	38	40	42	44	46	48	50	52	54	56	58	60	62	64	66	68	70	72	74	76
040-F5_S4_L002_R2_001_val_2	2066.0	2314.0	2404.0	2731.0	2719.0	3051.0	4106.0	12426.0	22923.0	29281.0	34438.0	42419.0	49480.0	53004.0	56195.0	61468.0	68590.0	76947.0	79900.0	82924.0	87639.0	95173.0	106030.0	118196.0	148107.0	312802.0	1506017.0	4855879.0	10345152.0
	20	22	24	26	28	30	32	34	36	38	40	42	44	46	48	50	52	54	56	58	60	62	64	66	68	70	72	74	76
040-F5_S4_L003_R1_001_val_1	479.0	986.0	1186.0	1525.0	1580.0	1910.0	2921.0	11604.0	22193.0	28909.0	34236.0	42946.0	50399.0	53615.0	57000.0	62067.0	69275.0	77655.0	82196.0	84997.0	89944.0	96268.0	107711.0	119009.0	147106.0	306394.0	1516923.0	4879943.0	10869471.0
	20	22	24	26	28	30	32	34	36	38	40	42	44	46	48	50	52	54	56	58	60	62	64	66	68	70	72	74	76
040-F5_S4_L003_R2_001_val_2	1897.0	2132.0	2262.0	2542.0	2597.0	2839.0	3944.0	12273.0	22831.0	29639.0	34790.0	43282.0	50848.0	54504.0	58066.0	63295.0	69960.0	78466.0	82577.0	85569.0	90562.0	97393.0	109361.0	122091.0	151603.0	319285.0	1545851.0	5001535.0	10678454.0
	20	22	24	26	28	30	32	34	36	38	40	42	44	46	48	50	52	54	56	58	60	62	64	66	68	70	72	74	76
040-F5_S4_L004_R1_001_val_1	504.0	953.0	1139.0	1542.0	1612.0	1865.0	2877.0	11360.0	21846.0	27921.0	33657.0	41481.0	49230.0	52761.0	55920.0	60600.0	68317.0	76444.0	79784.0	83082.0	87156.0	94659.0	105413.0	117823.0	143817.0	300105.0	1487633.0	4773938.0	10753422.0
	20	22	24	26	28	30	32	34	36	38	40	42	44	46	48	50	52	54	56	58	60	62	64	66	68	70	72	74	76
040-F5_S4_L004_R2_001_val_2	2128.0	2389.0	2495.0	2839.0	2950.0	3168.0	4299.0	12310.0	23290.0	28894.0	34425.0	42524.0	49869.0	53726.0	56872.0	62077.0	69480.0	77278.0	80536.0	83905.0	88961.0	96072.0	107516.0	121002.0	150595.0	317915.0	1526508.0	4945859.0	10486979.0
	20	22	24	26	28	30	32	34	36	38	40	42	44	46	48	50	52	54	56	58	60	62	64	66	68	70	72	74
KS25_S6_L001_R1_001_val_1	623.0	1497.0	1818.0	2375.0	2168.0	2917.0	3502.0	12554.0	23708.0	30222.0	33731.0	38725.0	43891.0	49641.0	52274.0	55691.0	58450.0	65284.0	69580.0	75330.0	78190.0	79741.0	88077.0	105118.0	157153.0	550270.0	2484842.0	10538487.0
	20	22	24	26	28	30	32	34	36	38	40	42	44	46	48	50	52	54	56	58	60	62	64	66	68	70	72	74
KS25_S6_L001_R2_001_val_2	1690.0	2252.0	2112.0	2590.0	2732.0	2893.0	3792.0	12400.0	23684.0	30186.0	33754.0	38597.0	44048.0	49401.0	52900.0	55744.0	59227.0	65687.0	70152.0	76046.0	78601.0	80854.0	89543.0	108267.0	162658.0	565417.0	2533385.0	10457247.0
	20	22	24	26	28	30	32	34	36	38	40	42	44	46	48	50	52	54	56	58	60	62	64	66	68	70	72	74
KS25_S6_L002_R1_001_val_1	649.0	1468.0	1898.0	2880.0	2230.0	2575.0	3375.0	11563.0	22335.0	28039.0	32170.0	36593.0	41819.0	47103.0	50882.0	52672.0	55875.0	62257.0	66632.0	72142.0	74991.0	76699.0	84822.0	102264.0	152927.0	538245.0	2436113.0	10343037.0
	20	22	24	26	28	30	32	34	36	38	40	42	44	46	48	50	52	54	56	58	60	62	64	66	68	70	72	74
KS25_S6_L002_R2_001_val_2	1914.0	2342.0	2355.0	2783.0	2775.0	3006.0	3838.0	11895.0	22595.0	28531.0	32014.0	36936.0	42221.0	47285.0	50854.0	53264.0	56568.0	62703.0	67353.0	72749.0	76071.0	77695.0	87028.0	105633.0	160383.0	558513.0	2502053.0	10232898.0
	20	22	24	26	28	30	32	34	36	38	40	42	44	46	48	50	52	54	56	58	60	62	64	66	68	70	72	74
KS25_S6_L003_R1_001_val_1	640.0	1332.0	1600.0	2250.0	2126.0	2391.0	3087.0	11391.0	22229.0	28754.0	31777.0	37277.0	42865.0	47934.0	50854.0	53819.0	57124.0	63517.0	68529.0	74213.0	76905.0	78277.0	86864.0	103817.0	155674.0	547473.0	2482062.0	10454570.0
	20	22	24	26	28	30	32	34	36	38	40	42	44	46	48	50	52	54	56	58	60	62	64	66	68	70	72	74
KS25_S6_L003_R2_001_val_2	1694.0	2231.0	2113.0	2612.0	2581.0	2815.0	3680.0	11956.0	22588.0	28806.0	32247.0	37703.0	43045.0	48413.0	51262.0	54281.0	57773.0	63930.0	68785.0	74773.0	77698.0	79404.0	88822.0	106776.0	162006.0	564145.0	2533988.0	10363224.0
	20	22	24	26	28	30	32	34	36	38	40	42	44	46	48	50	52	54	56	58	60	62	64	66	68	70	72	74
KS25_S6_L004_R1_001_val_1	702.0	1472.0	1737.0	2652.0	2137.0	2294.0	3247.0	11228.0	21601.0	27983.0	31085.0	36418.0	41499.0	47061.0	49642.0	52433.0	55745.0	61894.0	66827.0	72823.0	75082.0	77159.0	85458.0	102461.0	154353.0	546610.0	2478960.0	10447736.0
	20	22	24	26	28	30	32	34	36	38	40	42	44	46	48	50	52	54	56	58	60	62	64	66	68	70	72	74
KS25_S6_L004_R2_001_val_2	2243.0	2806.0	2664.0	3068.0	3125.0	3372.0	4165.0	12056.0	22431.0	28588.0	31927.0	36819.0	42249.0	47467.0	50437.0	53275.0	56511.0	62849.0	67712.0	73367.0	76833.0	78533.0	88091.0	106861.0	163444.0	569681.0	2564642.0	10303083.0
	20	22	24	26	28	30	32	34	36	38	40	42	44	46	48	50	52	54	56	58	60	62	64	66	68	70	72	74
KS26_S5_L001_R1_001_val_1	564.0	1167.0	1550.0	1735.0	1842.0	2882.0	2800.0	6958.0	12489.0	16893.0	20158.0	25430.0	30269.0	34056.0	36369.0	39454.0	43760.0	49316.0	54236.0	56838.0	59821.0	67090.0	76815.0	91074.0	165289.0	747110.0	3583039.0	15502211.0
	20	22	24	26	28	30	32	34	36	38	40	42	44	46	48	50	52	54	56	58	60	62	64	66	68	70	72	74
KS26_S5_L001_R2_001_val_2	1825.0	2198.0	2156.0	2462.0	2452.0	2773.0	3116.0	7092.0	12859.0	16849.0	20670.0	25153.0	30420.0	34394.0	37351.0	40302.0	44548.0	50342.0	54988.0	58067.0	61257.0	68190.0	78907.0	94776.0	172287.0	765744.0	3655243.0	15384794.0
	20	22	24	26	28	30	32	34	36	38	40	42	44	46	48	50	52	54	56	58	60	62	64	66	68	70	72	74
KS26_S5_L002_R1_001_val_1	560.0	1169.0	1856.0	2682.0	1917.0	2339.0	2650.0	6717.0	11660.0	15444.0	18997.0	23232.0	28486.0	32450.0	35158.0	37550.0	40965.0	47101.0	51908.0	54734.0	57363.0	64345.0	74340.0	88559.0	160803.0	732620.0	3528946.0	15279239.0
	20	22	24	26	28	30	32	34	36	38	40	42	44	46	48	50	52	54	56	58	60	62	64	66	68	70	72	74
KS26_S5_L002_R2_001_val_2	2091.0	2304.0	2442.0	2709.0	2727.0	2972.0	3527.0	7119.0	12137.0	16145.0	19426.0	23656.0	29212.0	32696.0	35580.0	38485.0	42280.0	47858.0	52929.0	55949.0	58846.0	66599.0	76741.0	93050.0	170000.0	758150.0	3619697.0	15128463.0
	20	22	24	26	28	30	32	34	36	38	40	42	44	46	48	50	52	54	56	58	60	62	64	66	68	70	72	74
KS26_S5_L003_R1_001_val_1	580.0	957.0	1261.0	1581.0	1628.0	2002.0	2389.0	6058.0	11372.0	15517.0	18557.0	23447.0	28641.0	32393.0	35232.0	38108.0	42516.0	48261.0	53367.0	55964.0	59334.0	65811.0	75523.0	89426.0	164395.0	746521.0	3590805.0	15443582.0
	20	22	24	26	28	30	32	34	36	38	40	42	44	46	48	50	52	54	56	58	60	62	64	66	68	70	72	74
KS26_S5_L003_R2_001_val_2	1844.0	2090.0	2110.0	2327.0	2538.0	2718.0	3352.0	6834.0	12307.0	16067.0	19465.0	24100.0	29089.0	33015.0	35888.0	38826.0	43648.0	49103.0	54007.0	57063.0	60407.0	67832.0	77866.0	94006.0	171648.0	766835.0	3659392.0	15320851.0
	20	22	24	26	28	30	32	34	36	38	40	42	44	46	48	50	52	54	56	58	60	62	64	66	68	70	72	74
KS26_S5_L004_R1_001_val_1	568.0	1099.0	1441.0	2202.0	1790.0	2048.0	2462.0	6124.0	11057.0	14758.0	18351.0	22635.0	27622.0	31715.0	34526.0	37396.0	41181.0	46510.0	51393.0	54472.0	57237.0	63913.0	74208.0	88867.0	161538.0	743572.0	3597945.0	15487262.0
	20	22	24	26	28	30	32	34	36	38	40	42	44	46	48	50	52	54	56	58	60	62	64	66	68	70	72	74
KS26_S5_L004_R2_001_val_2	2467.0	2774.0	2842.0	3240.0	3233.0	3499.0	3943.0	7356.0	12270.0	16088.0	19328.0	23808.0	28802.0	32517.0	35802.0	38640.0	42626.0	47690.0	53077.0	55993.0	59329.0	66656.0	77489.0	94515.0	173206.0	775165.0	3714951.0	15286586.0
	20	22	24	26	28	30	32	34	36	38	40	42	44	46	48	50	52	54	56	58	60	62	64	66	68	70	72	74
KS27_S1_L001_R1_001_val_1	514.0	1067.0	1344.0	1450.0	1616.0	2602.0	2685.0	8499.0	15587.0	19912.0	23225.0	28966.0	33750.0	36912.0	39036.0	41278.0	44828.0	49684.0	53382.0	54843.0	57160.0	63319.0	72541.0	85143.0	152290.0	698234.0	3381499.0	15068684.0
	20	22	24	26	28	30	32	34	36	38	40	42	44	46	48	50	52	54	56	58	60	62	64	66	68	70	72	74
KS27_S1_L001_R2_001_val_2	1832.0	2127.0	2103.0	2371.0	2537.0	2736.0	3347.0	9014.0	15807.0	20419.0	23610.0	29148.0	34126.0	37318.0	39748.0	41978.0	45884.0	50740.0	54581.0	56049.0	58323.0	65026.0	74741.0	89109.0	161542.0	725497.0	3473763.0	14916574.0
	20	22	24	26	28	30	32	34	36	38	40	42	44	46	48	50	52	54	56	58	60	62	64	66	68	70	72	74
KS27_S1_L002_R1_001_val_1	434.0	967.0	1562.0	2601.0	1727.0	2027.0	2502.0	8183.0	14739.0	18508.0	21930.0	27362.0	32171.0	35151.0	37298.0	39152.0	43429.0	48580.0	51790.0	53502.0	54814.0	61163.0	69807.0	82766.0	148210.0	680325.0	3319073.0	14767077.0
	20	22	24	26	28	30	32	34	36	38	40	42	44	46	48	50	52	54	56	58	60	62	64	66	68	70	72	74
KS27_S1_L002_R2_001_val_2	2015.0	2218.0	2389.0	2504.0	2687.0	2922.0	3480.0	8944.0	15328.0	19485.0	22694.0	27878.0	32978.0	35433.0	38002.0	40292.0	44663.0	49502.0	52866.0	54568.0	56666.0	63103.0	72984.0	87576.0	159950.0	716485.0	3433278.0	14575960.0
	20	22	24	26	28	30	32	34	36	38	40	42	44	46	48	50	52	54	56	58	60	62	64	66	68	70	72	74
KS27_S1_L003_R1_001_val_1	490.0	899.0	1044.0	1311.0	1499.0	1775.0	2370.0	7786.0	14569.0	18816.0	21975.0	27686.0	32691.0	35734.0	37446.0	39942.0	44072.0	48735.0	52604.0	54278.0	56423.0	62757.0	72290.0	84604.0	151802.0	695130.0	3381310.0	14954733.0
	20	22	24	26	28	30	32	34	36	38	40	42	44	46	48	50	52	54	56	58	60	62	64	66	68	70	72	74
KS27_S1_L003_R2_001_val_2	1769.0	2079.0	2121.0	2417.0	2550.0	2611.0	3550.0	8709.0	15541.0	19409.0	22768.0	28306.0	33549.0	36199.0	38532.0	41030.0	45068.0	50307.0	53273.0	55312.0	58557.0	64089.0	74900.0	89470.0	161588.0	726147.0	3480669.0	14784251.0
	20	22	24	26	28	30	32	34	36	38	40	42	44	46	48	50	52	54	56	58	60	62	64	66	68	70	72	74
KS27_S1_L004_R1_001_val_1	470.0	896.0	1279.0	1904.0	1584.0	1782.0	2368.0	7815.0	14103.0	18127.0	21624.0	27060.0	32060.0	34899.0	37090.0	38781.0	42905.0	48481.0	51893.0	53266.0	55413.0	60846.0	70570.0	82984.0	150479.0	692388.0	3387380.0	14953217.0
	20	22	24	26	28	30	32	34	36	38	40	42	44	46	48	50	52	54	56	58	60	62	64	66	68	70	72	74
KS27_S1_L004_R2_001_val_2	2482.0	2724.0	2794.0	3117.0	3137.0	3424.0	4050.0	9223.0	15804.0	19553.0	22909.0	27952.0	33295.0	36079.0	38145.0	40738.0	44288.0	49876.0	53309.0	55310.0	57847.0	63890.0	74178.0	89403.0	164119.0	734561.0	3526924.0	14712533.0
	20	22	24	26	28	30	32	34	36	38	40	42	44	46	48	50	52	54	56	58	60	62	64	66	68	70	72	74
KS28_S3_L001_R1_001_val_1	622.0	1157.0	1530.0	1678.0	1911.0	2939.0	2814.0	8002.0	14290.0	18919.0	22300.0	28047.0	33276.0	36858.0	39193.0	42089.0	46527.0	51980.0	56485.0	58924.0	62523.0	69530.0	80069.0	94869.0	174435.0	815589.0	3990239.0	17813206.0
	20	22	24	26	28	30	32	34	36	38	40	42	44	46	48	50	52	54	56	58	60	62	64	66	68	70	72	74
KS28_S3_L001_R2_001_val_2	2010.0	2168.0	2309.0	2592.0	2773.0	2835.0	3538.0	8377.0	14503.0	19167.0	22611.0	28031.0	33697.0	37125.0	40066.0	43454.0	47926.0	52599.0	57739.0	60238.0	63790.0	71413.0	82541.0	98972.0	183396.0	846471.0	4088815.0	17650845.0
	20	22	24	26	28	30	32	34	36	38	40	42	44	46	48	50	52	54	56	58	60	62	64	66	68	70	72	74
KS28_S3_L002_R1_001_val_1	560.0	1269.0	1846.0	2964.0	1957.0	2250.0	2847.0	7601.0	13576.0	17884.0	21598.0	26549.0	31373.0	35365.0	37984.0	40426.0	44531.0	49895.0	54517.0	56987.0	59927.0	66640.0	77433.0	92131.0	169623.0	798997.0	3915088.0	17479052.0
	20	22	24	26	28	30	32	34	36	38	40	42	44	46	48	50	52	54	56	58	60	62	64	66	68	70	72	74
KS28_S3_L002_R2_001_val_2	2334.0	2600.0	2603.0	2846.0	3021.0	3141.0	3814.0	8112.0	14443.0	18425.0	22304.0	27157.0	32228.0	35565.0	38982.0	41802.0	46201.0	51420.0	56001.0	58503.0	61839.0	69382.0	80725.0	98008.0	181609.0	835992.0	4043973.0	17267840.0
	20	22	24	26	28	30	32	34	36	38	40	42	44	46	48	50	52	54	56	58	60	62	64	66	68	70	72	74
KS28_S3_L003_R1_001_val_1	567.0	1005.0	1272.0	1509.0	1724.0	2028.0	2460.0	7116.0	13204.0	17861.0	21026.0	26423.0	31895.0	35427.0	38147.0	41581.0	45479.0	51279.0	55577.0	58404.0	61647.0	68297.0	79328.0	93886.0	173902.0	815593.0	3999068.0	17727421.0
	20	22	24	26	28	30	32	34	36	38	40	42	44	46	48	50	52	54	56	58	60	62	64	66	68	70	72	74
KS28_S3_L003_R2_001_val_2	2103.0	2255.0	2396.0	2582.0	2782.0	2828.0	3586.0	8049.0	14282.0	18702.0	22249.0	27181.0	32472.0	36200.0	39360.0	42884.0	46901.0	52586.0	56950.0	59625.0	63085.0	70705.0	81910.0	98799.0	184120.0	847718.0	4096797.0	17554019.0
	20	22	24	26	28	30	32	34	36	38	40	42	44	46	48	50	52	54	56	58	60	62	64	66	68	70	72	74
KS28_S3_L004_R1_001_val_1	578.0	1197.0	1582.0	2282.0	1866.0	2023.0	2558.0	7175.0	13175.0	17236.0	21159.0	26066.0	31140.0	34844.0	37876.0	40373.0	44408.0	50451.0	54253.0	57201.0	60340.0	67161.0	78385.0	92575.0	170842.0	810404.0	3990230.0	17685605.0
	20	22	24	26	28	30	32	34	36	38	40	42	44	46	48	50	52	54	56	58	60	62	64	66	68	70	72	74
KS28_S3_L004_R2_001_val_2	2720.0	3040.0	3088.0	3536.0	3633.0	3769.0	4501.0	8425.0	14736.0	19132.0	22375.0	27379.0	32574.0	36212.0	39144.0	42145.0	46292.0	52311.0	56375.0	59309.0	62915.0	70487.0	82360.0	99419.0	185602.0	856434.0	4146393.0	17418679.0
	20	22	24	26	28	30	32	34	36	38	40	42	44	46	48	50	52	54	56	58	60	62	64	66	68	70	72	74
KS29_S2_L001_R1_001_val_1	577.0	1153.0	1455.0	1680.0	1725.0	2665.0	2613.0	6091.0	10499.0	13838.0	16689.0	21133.0	25162.0	29357.0	31864.0	35177.0	39519.0	45641.0	50427.0	53604.0	57278.0	64124.0	74612.0	88998.0	157699.0	705243.0	3403085.0	14934746.0
	20	22	24	26	28	30	32	34	36	38	40	42	44	46	48	50	52	54	56	58	60	62	64	66	68	70	72	74
KS29_S2_L001_R2_001_val_2	1820.0	2081.0	2034.0	2413.0	2471.0	2736.0	3118.0	6360.0	10694.0	13885.0	16941.0	20873.0	25654.0	29379.0	32669.0	35704.0	40500.0	46588.0	51284.0	54522.0	58597.0	65285.0	76349.0	91892.0	164902.0	727737.0	3466749.0	14823417.0
	20	22	24	26	28	30	32	34	36	38	40	42	44	46	48	50	52	54	56	58	60	62	64	66	68	70	72	74
KS29_S2_L002_R1_001_val_1	575.0	1088.0	1700.0	2727.0	1773.0	2201.0	2593.0	5933.0	9950.0	13079.0	15914.0	20037.0	24415.0	28255.0	30711.0	33433.0	37833.0	44020.0	48400.0	51606.0	54620.0	61942.0	71727.0	86091.0	153880.0	688347.0	3329856.0	14641361.0
	20	22	24	26	28	30	32	34	36	38	40	42	44	46	48	50	52	54	56	58	60	62	64	66	68	70	72	74
KS29_S2_L002_R2_001_val_2	1970.0	2352.0	2280.0	2662.0	2679.0	2773.0	3331.0	6280.0	10412.0	13719.0	16220.0	20478.0	25052.0	28473.0	31254.0	34438.0	39310.0	44547.0	49416.0	52367.0	56475.0	63524.0	74476.0	89567.0	162864.0	714318.0	3419282.0	14493548.0
	20	22	24	26	28	30	32	34	36	38	40	42	44	46	48	50	52	54	56	58	60	62	64	66	68	70	72	74
KS29_S2_L003_R1_001_val_1	528.0	1014.0	1245.0	1555.0	1657.0	1967.0	2381.0	5373.0	9648.0	12961.0	15852.0	20001.0	24904.0	28139.0	31261.0	33908.0	39073.0	45002.0	49482.0	52595.0	56297.0	63577.0	73308.0	88343.0	157405.0	705822.0	3401318.0	14880025.0
	20	22	24	26	28	30	32	34	36	38	40	42	44	46	48	50	52	54	56	58	60	62	64	66	68	70	72	74
KS29_S2_L003_R2_001_val_2	1798.0	2078.0	2066.0	2314.0	2480.0	2712.0	3242.0	6222.0	10322.0	13833.0	16489.0	20583.0	25403.0	28547.0	31842.0	35202.0	40080.0	45720.0	50204.0	54035.0	57681.0	64778.0	75830.0	91951.0	165203.0	727383.0	3476882.0	14749761.0
	20	22	24	26	28	30	32	34	36	38	40	42	44	46	48	50	52	54	56	58	60	62	64	66	68	70	72	74
KS29_S2_L004_R1_001_val_1	544.0	1172.0	1492.0	2085.0	1773.0	2026.0	2498.0	5446.0	9776.0	12753.0	15534.0	19600.0	23936.0	28130.0	30205.0	33799.0	38055.0	44027.0	48190.0	51806.0	55395.0	62239.0	72397.0	86773.0	155908.0	700253.0	3400747.0	14857194.0
	20	22	24	26	28	30	32	34	36	38	40	42	44	46	48	50	52	54	56	58	60	62	64	66	68	70	72	74
KS29_S2_L004_R2_001_val_2	2373.0	2721.0	2789.0	3050.0	3230.0	3425.0	3885.0	6616.0	10872.0	14035.0	16515.0	20784.0	25119.0	28798.0	31597.0	35474.0	39654.0	45029.0	49741.0	53092.0	57767.0	64526.0	76015.0	92069.0	166894.0	732769.0	3516605.0	14658309.0
	20	22	24	26	28	30	32	34	36	38	40	42	44	46	48	50	52	54	56	58	60	62	64	66	68	70	72	74
KS30_S4_L001_R1_001_val_1	579.0	1161.0	1600.0	1744.0	1974.0	3151.0	3198.0	9238.0	17342.0	23307.0	27142.0	34296.0	40849.0	45982.0	49098.0	53353.0	58177.0	65903.0	70949.0	74618.0	77441.0	86094.0	99005.0	115323.0	201775.0	899312.0	4330318.0	18934463.0
	20	22	24	26	28	30	32	34	36	38	40	42	44	46	48	50	52	54	56	58	60	62	64	66	68	70	72	74
KS30_S4_L001_R2_001_val_2	2138.0	2542.0	2478.0	2760.0	3039.0	3220.0	4082.0	9590.0	17772.0	23200.0	27519.0	34144.0	41454.0	46224.0	50661.0	54279.0	59698.0	67035.0	72269.0	75798.0	78994.0	87538.0	101051.0	119818.0	211675.0	925562.0	4422589.0	18780263.0
	20	22	24	26	28	30	32	34	36	38	40	42	44	46	48	50	52	54	56	58	60	62	64	66	68	70	72	74
KS30_S4_L002_R1_001_val_1	619.0	1288.0	1957.0	3019.0	1982.0	2512.0	3047.0	9129.0	16248.0	22002.0	26199.0	32557.0	39117.0	43979.0	47794.0	50982.0	56598.0	63276.0	68135.0	71477.0	75148.0	83297.0	95307.0	111398.0	196254.0	877666.0	4245255.0	18576102.0
	20	22	24	26	28	30	32	34	36	38	40	42	44	46	48	50	52	54	56	58	60	62	64	66	68	70	72	74
KS30_S4_L002_R2_001_val_2	2466.0	2715.0	2795.0	3221.0	3247.0	3523.0	4131.0	9772.0	17316.0	22551.0	27164.0	33048.0	39807.0	44699.0	48517.0	52258.0	58013.0	64735.0	69583.0	73082.0	76966.0	86496.0	98706.0	116912.0	209138.0	915242.0	4371692.0	18364549.0
	20	22	24	26	28	30	32	34	36	38	40	42	44	46	48	50	52	54	56	58	60	62	64	66	68	70	72	74
KS30_S4_L003_R1_001_val_1	550.0	1042.0	1339.0	1695.0	1800.0	2237.0	2839.0	8266.0	16274.0	21866.0	26286.0	32969.0	39893.0	44235.0	48085.0	51956.0	57515.0	64205.0	70218.0	73132.0	76859.0	84854.0	96952.0	114654.0	199183.0	897129.0	4327692.0	18806810.0
	20	22	24	26	28	30	32	34	36	38	40	42	44	46	48	50	52	54	56	58	60	62	64	66	68	70	72	74
KS30_S4_L003_R2_001_val_2	2187.0	2483.0	2514.0	2864.0	3023.0	3337.0	4066.0	9504.0	17069.0	22674.0	27340.0	33696.0	40511.0	45382.0	49326.0	53220.0	59061.0	65777.0	71178.0	74172.0	78209.0	87469.0	100170.0	118367.0	209886.0	923350.0	4423705.0	18639995.0
	20	22	24	26	28	30	32	34	36	38	40	42	44	46	48	50	52	54	56	58	60	62	64	66	68	70	72	74
KS30_S4_L004_R1_001_val_1	586.0	1205.0	1624.0	2312.0	1859.0	2234.0	2961.0	8488.0	15935.0	21120.0	25943.0	32351.0	39053.0	43771.0	47034.0	50745.0	56456.0	63263.0	68528.0	71533.0	75518.0	83922.0	96468.0	112070.0	199176.0	890832.0	4326749.0	18781801.0
	20	22	24	26	28	30	32	34	36	38	40	42	44	46	48	50	52	54	56	58	60	62	64	66	68	70	72	74
KS30_S4_L004_R2_001_val_2	2934.0	3280.0	3385.0	3757.0	3920.0	4210.0	5069.0	10005.0	17559.0	23150.0	27498.0	33705.0	40641.0	44737.0	48592.0	52777.0	58478.0	64816.0	70861.0	73857.0	78222.0	87606.0	100638.0	119878.0	213893.0	935582.0	4480616.0	18513871.0

