	16.0	17.0	18.0	19.0	20.0	21.0	22.0	23.0	24.0	25.0	26.0	27.0	28.0	29.0	30.0	31.0	32.0	33.0	34.0	35.0
001-F0_S3_L001_R1_001_val_1	1.0	1.0	30.0	202.0	994.0	3443.0	8790.0	18924.0	37745.0	70014.0	119183.0	186453.0	269650.0	365810.0	478488.0	627244.0	856489.0	1327456.0	3037247.0	14706360.0
	5.0	6.0	7.0	8.0	9.0	10.0	11.0	12.0	13.0	14.0	15.0	16.0	17.0	18.0	19.0	20.0	21.0	22.0	23.0	24.0	25.0	26.0	27.0	28.0	29.0	30.0	31.0	32.0	33.0	34.0	35.0
001-F0_S3_L001_R2_001_val_2	4.0	9.0	21.0	15.0	17.0	29.0	32.0	64.0	119.0	283.0	1290.0	2632.0	4251.0	6476.0	10209.0	16691.0	27030.0	42894.0	65279.0	98918.0	144385.0	203410.0	274402.0	356244.0	451583.0	566810.0	726139.0	981145.0	1496867.0	3231765.0	13405511.0
	17.0	18.0	19.0	20.0	21.0	22.0	23.0	24.0	25.0	26.0	27.0	28.0	29.0	30.0	31.0	32.0	33.0	34.0	35.0
001-F0_S3_L002_R1_001_val_1	4.0	14.0	176.0	929.0	3216.0	8204.0	17361.0	34375.0	63656.0	108485.0	170723.0	247265.0	337477.0	442608.0	580853.0	794288.0	1231167.0	2811981.0	14298948.0
	4.0	5.0	6.0	7.0	8.0	9.0	10.0	11.0	12.0	13.0	14.0	15.0	16.0	17.0	18.0	19.0	20.0	21.0	22.0	23.0	24.0	25.0	26.0	27.0	28.0	29.0	30.0	31.0	32.0	33.0	34.0	35.0
001-F0_S3_L002_R2_001_val_2	1.0	10.0	7.0	21.0	18.0	19.0	22.0	29.0	47.0	84.0	262.0	1119.0	3076.0	6279.0	11508.0	18237.0	26998.0	38301.0	53040.0	75373.0	107090.0	149362.0	205681.0	272550.0	348429.0	438265.0	549083.0	700235.0	942078.0	1430063.0	3052813.0	12721630.0
	16.0	17.0	18.0	19.0	20.0	21.0	22.0	23.0	24.0	25.0	26.0	27.0	28.0	29.0	30.0	31.0	32.0	33.0	34.0	35.0
001-F0_S3_L003_R1_001_val_1	1.0	1.0	30.0	168.0	999.0	3536.0	8632.0	18454.0	37007.0	68753.0	118068.0	186567.0	271587.0	369892.0	485227.0	638107.0	872851.0	1360159.0	3128831.0	14759470.0
	8.0	9.0	10.0	11.0	12.0	13.0	14.0	15.0	16.0	17.0	18.0	19.0	20.0	21.0	22.0	23.0	24.0	25.0	26.0	27.0	28.0	29.0	30.0	31.0	32.0	33.0	34.0	35.0
001-F0_S3_L003_R2_001_val_2	1.0	2.0	4.0	4.0	8.0	23.0	147.0	1005.0	2144.0	3741.0	6038.0	9265.0	15599.0	25107.0	40021.0	61049.0	92811.0	137010.0	194727.0	266184.0	348391.0	445184.0	563262.0	722250.0	976221.0	1489306.0	3200127.0	13728709.0
	17.0	18.0	19.0	20.0	21.0	22.0	23.0	24.0	25.0	26.0	27.0	28.0	29.0	30.0	31.0	32.0	33.0	34.0	35.0
001-F0_S3_L004_R1_001_val_1	3.0	22.0	160.0	923.0	3098.0	8064.0	17244.0	34140.0	63207.0	108290.0	169483.0	246980.0	336449.0	443100.0	581571.0	798048.0	1238975.0	2850336.0	14107652.0
	7.0	8.0	9.0	10.0	11.0	12.0	13.0	14.0	15.0	16.0	17.0	18.0	19.0	20.0	21.0	22.0	23.0	24.0	25.0	26.0	27.0	28.0	29.0	30.0	31.0	32.0	33.0	34.0	35.0
001-F0_S3_L004_R2_001_val_2	1.0	0.0	3.0	3.0	16.0	15.0	19.0	140.0	1010.0	2437.0	4538.0	7798.0	12133.0	19539.0	29815.0	45152.0	66903.0	97005.0	139142.0	194864.0	260479.0	337552.0	429365.0	539346.0	693621.0	938023.0	1429231.0	3058185.0	12701410.0
	17.0	18.0	19.0	20.0	21.0	22.0	23.0	24.0	25.0	26.0	27.0	28.0	29.0	30.0	31.0	32.0	33.0	34.0	35.0
001-F5_S2_L001_R1_001_val_1	1.0	22.0	157.0	856.0	2913.0	7434.0	16489.0	32575.0	61869.0	106085.0	165327.0	238070.0	322788.0	422833.0	548624.0	744445.0	1145712.0	2600765.0	13765894.0
	4.0	5.0	6.0	7.0	8.0	9.0	10.0	11.0	12.0	13.0	14.0	15.0	16.0	17.0	18.0	19.0	20.0	21.0	22.0	23.0	24.0	25.0	26.0	27.0	28.0	29.0	30.0	31.0	32.0	33.0	34.0	35.0
001-F5_S2_L001_R2_001_val_2	4.0	5.0	18.0	22.0	19.0	17.0	18.0	25.0	61.0	106.0	252.0	1113.0	2162.0	3635.0	5558.0	8524.0	14015.0	22893.0	36137.0	55733.0	85758.0	127142.0	178302.0	240957.0	314024.0	398234.0	499300.0	638696.0	860135.0	1314534.0	2856039.0	12519421.0
	17.0	18.0	19.0	20.0	21.0	22.0	23.0	24.0	25.0	26.0	27.0	28.0	29.0	30.0	31.0	32.0	33.0	34.0	35.0
001-F5_S2_L002_R1_001_val_1	2.0	18.0	144.0	747.0	2659.0	6907.0	14751.0	29522.0	55772.0	95647.0	150233.0	218455.0	297735.0	389335.0	507816.0	692867.0	1066023.0	2423283.0	13335832.0
	4.0	5.0	6.0	7.0	8.0	9.0	10.0	11.0	12.0	13.0	14.0	15.0	16.0	17.0	18.0	19.0	20.0	21.0	22.0	23.0	24.0	25.0	26.0	27.0	28.0	29.0	30.0	31.0	32.0	33.0	34.0	35.0
001-F5_S2_L002_R2_001_val_2	1.0	8.0	13.0	13.0	20.0	23.0	27.0	23.0	43.0	78.0	219.0	958.0	2574.0	5687.0	10697.0	16477.0	24018.0	33379.0	46389.0	65426.0	92484.0	130394.0	179436.0	236970.0	305634.0	384756.0	481429.0	612585.0	825251.0	1255089.0	2703569.0	11874078.0
	18.0	19.0	20.0	21.0	22.0	23.0	24.0	25.0	26.0	27.0	28.0	29.0	30.0	31.0	32.0	33.0	34.0	35.0
001-F5_S2_L003_R1_001_val_1	24.0	158.0	753.0	2746.0	7358.0	15675.0	31880.0	60450.0	104774.0	165168.0	240333.0	326738.0	428272.0	560011.0	759681.0	1173204.0	2684103.0	13839856.0
	8.0	9.0	10.0	11.0	12.0	13.0	14.0	15.0	16.0	17.0	18.0	19.0	20.0	21.0	22.0	23.0	24.0	25.0	26.0	27.0	28.0	29.0	30.0	31.0	32.0	33.0	34.0	35.0
001-F5_S2_L003_R2_001_val_2	1.0	0.0	6.0	3.0	8.0	15.0	112.0	813.0	1900.0	3273.0	5190.0	7849.0	12874.0	21603.0	33014.0	51950.0	80507.0	120109.0	171025.0	234270.0	307433.0	392472.0	494851.0	635960.0	855781.0	1304886.0	2827772.0	12837507.0
	17.0	18.0	19.0	20.0	21.0	22.0	23.0	24.0	25.0	26.0	27.0	28.0	29.0	30.0	31.0	32.0	33.0	34.0	35.0
001-F5_S2_L004_R1_001_val_1	2.0	16.0	152.0	742.0	2663.0	6688.0	14503.0	29237.0	54602.0	94171.0	149791.0	216622.0	296850.0	389306.0	508990.0	691666.0	1065730.0	2440019.0	13135123.0
	7.0	8.0	9.0	10.0	11.0	12.0	13.0	14.0	15.0	16.0	17.0	18.0	19.0	20.0	21.0	22.0	23.0	24.0	25.0	26.0	27.0	28.0	29.0	30.0	31.0	32.0	33.0	34.0	35.0
001-F5_S2_L004_R2_001_val_2	2.0	1.0	0.0	4.0	7.0	19.0	16.0	122.0	822.0	2150.0	4054.0	6853.0	10507.0	16873.0	25744.0	37784.0	56588.0	83651.0	120592.0	169086.0	227353.0	296158.0	373737.0	472038.0	605349.0	817099.0	1247893.0	2688576.0	11833795.0
	17.0	18.0	19.0	20.0	21.0	22.0	23.0	24.0	25.0	26.0	27.0	28.0	29.0	30.0	31.0	32.0	33.0	34.0	35.0
004-F0_S5_L001_R1_001_val_1	2.0	10.0	96.0	539.0	2068.0	5439.0	11871.0	23629.0	44744.0	78399.0	124845.0	185586.0	259656.0	349147.0	463894.0	638502.0	986954.0	2218528.0	10266321.0
	6.0	7.0	8.0	9.0	10.0	11.0	12.0	13.0	14.0	15.0	16.0	17.0	18.0	19.0	20.0	21.0	22.0	23.0	24.0	25.0	26.0	27.0	28.0	29.0	30.0	31.0	32.0	33.0	34.0	35.0
004-F0_S5_L001_R2_001_val_2	3.0	11.0	10.0	18.0	19.0	20.0	37.0	45.0	208.0	922.0	2143.0	3703.0	6146.0	9432.0	15472.0	23701.0	35214.0	52218.0	76197.0	109658.0	151974.0	204197.0	264427.0	336171.0	425210.0	545923.0	735638.0	1119547.0	2391246.0	9150720.0
	18.0	19.0	20.0	21.0	22.0	23.0	24.0	25.0	26.0	27.0	28.0	29.0	30.0	31.0	32.0	33.0	34.0	35.0
004-F0_S5_L002_R1_001_val_1	12.0	98.0	546.0	2079.0	5416.0	11659.0	23088.0	43292.0	76729.0	122932.0	184707.0	258482.0	346313.0	461558.0	638540.0	988451.0	2218709.0	10069974.0
	5.0	6.0	7.0	8.0	9.0	10.0	11.0	12.0	13.0	14.0	15.0	16.0	17.0	18.0	19.0	20.0	21.0	22.0	23.0	24.0	25.0	26.0	27.0	28.0	29.0	30.0	31.0	32.0	33.0	34.0	35.0
004-F0_S5_L002_R2_001_val_2	1.0	7.0	17.0	10.0	20.0	20.0	30.0	39.0	67.0	283.0	1012.0	2238.0	4356.0	7675.0	12146.0	19491.0	28781.0	40870.0	58320.0	83720.0	116151.0	159370.0	211756.0	273113.0	345256.0	435359.0	555507.0	750477.0	1139600.0	2393752.0	8813141.0
	16.0	17.0	18.0	19.0	20.0	21.0	22.0	23.0	24.0	25.0	26.0	27.0	28.0	29.0	30.0	31.0	32.0	33.0	34.0	35.0
004-F0_S5_L003_R1_001_val_1	1.0	0.0	14.0	110.0	526.0	1994.0	5385.0	11695.0	23690.0	44824.0	78692.0	128037.0	190451.0	267684.0	360565.0	481788.0	663981.0	1028433.0	2316797.0	10129415.0
	6.0	7.0	8.0	9.0	10.0	11.0	12.0	13.0	14.0	15.0	16.0	17.0	18.0	19.0	20.0	21.0	22.0	23.0	24.0	25.0	26.0	27.0	28.0	29.0	30.0	31.0	32.0	33.0	34.0	35.0
004-F0_S5_L003_R2_001_val_2	1.0	4.0	7.0	2.0	3.0	9.0	20.0	25.0	146.0	755.0	1813.0	3459.0	5682.0	9134.0	15237.0	23300.0	35299.0	51725.0	76442.0	109906.0	153519.0	206757.0	270505.0	343200.0	437416.0	561527.0	762394.0	1159884.0	2461665.0	9044246.0
	17.0	18.0	19.0	20.0	21.0	22.0	23.0	24.0	25.0	26.0	27.0	28.0	29.0	30.0	31.0	32.0	33.0	34.0	35.0
004-F0_S5_L004_R1_001_val_1	1.0	10.0	94.0	545.0	2133.0	5305.0	11800.0	23198.0	43823.0	77027.0	124853.0	185614.0	260367.0	351644.0	468636.0	644880.0	1004921.0	2280541.0	10127658.0
	5.0	6.0	7.0	8.0	9.0	10.0	11.0	12.0	13.0	14.0	15.0	16.0	17.0	18.0	19.0	20.0	21.0	22.0	23.0	24.0	25.0	26.0	27.0	28.0	29.0	30.0	31.0	32.0	33.0	34.0	35.0
004-F0_S5_L004_R2_001_val_2	2.0	1.0	0.0	2.0	6.0	5.0	10.0	14.0	20.0	180.0	936.0	2307.0	4417.0	7762.0	12669.0	20297.0	29871.0	43523.0	61552.0	87651.0	121138.0	166623.0	220168.0	281916.0	356990.0	449358.0	578395.0	782740.0	1197511.0	2522329.0	8664657.0
	18.0	19.0	20.0	21.0	22.0	23.0	24.0	25.0	26.0	27.0	28.0	29.0	30.0	31.0	32.0	33.0	34.0	35.0
004-F5_S4_L001_R1_001_val_1	8.0	87.0	553.0	2140.0	5574.0	12159.0	24653.0	45495.0	79354.0	127173.0	188437.0	264194.0	354960.0	472318.0	650647.0	1009039.0	2273685.0	10204818.0
	6.0	7.0	8.0	9.0	10.0	11.0	12.0	13.0	14.0	15.0	16.0	17.0	18.0	19.0	20.0	21.0	22.0	23.0	24.0	25.0	26.0	27.0	28.0	29.0	30.0	31.0	32.0	33.0	34.0	35.0
004-F5_S4_L001_R2_001_val_2	5.0	8.0	18.0	21.0	19.0	19.0	32.0	48.0	211.0	828.0	1852.0	3322.0	5342.0	8631.0	14377.0	22611.0	33566.0	49951.0	73470.0	105740.0	147013.0	199564.0	260457.0	333716.0	424236.0	548551.0	752148.0	1154511.0	2485867.0	9089160.0
	17.0	18.0	19.0	20.0	21.0	22.0	23.0	24.0	25.0	26.0	27.0	28.0	29.0	30.0	31.0	32.0	33.0	34.0	35.0
004-F5_S4_L002_R1_001_val_1	1.0	12.0	95.0	572.0	2097.0	5688.0	12156.0	23901.0	44636.0	77644.0	124716.0	186443.0	261562.0	351726.0	469750.0	648452.0	1006104.0	2261808.0	9998442.0
	5.0	6.0	7.0	8.0	9.0	10.0	11.0	12.0	13.0	14.0	15.0	16.0	17.0	18.0	19.0	20.0	21.0	22.0	23.0	24.0	25.0	26.0	27.0	28.0	29.0	30.0	31.0	32.0	33.0	34.0	35.0
004-F5_S4_L002_R2_001_val_2	1.0	13.0	8.0	23.0	14.0	20.0	27.0	56.0	62.0	227.0	882.0	1942.0	3571.0	6319.0	10379.0	16873.0	26318.0	38411.0	55270.0	79112.0	111435.0	153231.0	204994.0	266279.0	337856.0	431225.0	556739.0	756692.0	1161061.0	2462690.0	8794075.0
	17.0	18.0	19.0	20.0	21.0	22.0	23.0	24.0	25.0	26.0	27.0	28.0	29.0	30.0	31.0	32.0	33.0	34.0	35.0
004-F5_S4_L003_R1_001_val_1	1.0	11.0	113.0	551.0	2082.0	5740.0	12624.0	24950.0	46668.0	81573.0	130779.0	195291.0	272472.0	367553.0	491321.0	679643.0	1056477.0	2374770.0	10048853.0
	6.0	7.0	8.0	9.0	10.0	11.0	12.0	13.0	14.0	15.0	16.0	17.0	18.0	19.0	20.0	21.0	22.0	23.0	24.0	25.0	26.0	27.0	28.0	29.0	30.0	31.0	32.0	33.0	34.0	35.0
004-F5_S4_L003_R2_001_val_2	1.0	1.0	3.0	6.0	2.0	12.0	13.0	29.0	134.0	635.0	1710.0	2892.0	5275.0	8213.0	13930.0	22533.0	33959.0	51055.0	74781.0	107918.0	151067.0	204347.0	266789.0	344202.0	440935.0	571275.0	783839.0	1202103.0	2557414.0	8946399.0
	18.0	19.0	20.0	21.0	22.0	23.0	24.0	25.0	26.0	27.0	28.0	29.0	30.0	31.0	32.0	33.0	34.0	35.0
004-F5_S4_L004_R1_001_val_1	7.0	96.0	532.0	2102.0	5638.0	12028.0	24260.0	45708.0	79963.0	127482.0	190142.0	265596.0	355274.0	476448.0	657675.0	1024162.0	2323684.0	10050422.0
	5.0	6.0	7.0	8.0	9.0	10.0	11.0	12.0	13.0	14.0	15.0	16.0	17.0	18.0	19.0	20.0	21.0	22.0	23.0	24.0	25.0	26.0	27.0	28.0	29.0	30.0	31.0	32.0	33.0	34.0	35.0
004-F5_S4_L004_R2_001_val_2	1.0	1.0	5.0	3.0	1.0	4.0	11.0	15.0	29.0	159.0	775.0	1998.0	3822.0	6827.0	11013.0	18000.0	27788.0	41007.0	59193.0	84365.0	117983.0	162333.0	214359.0	277413.0	351995.0	449307.0	580903.0	794421.0	1224020.0	2591366.0	8622102.0
	16.0	17.0	18.0	19.0	20.0	21.0	22.0	23.0	24.0	25.0	26.0	27.0	28.0	29.0	30.0	31.0	32.0	33.0	34.0	35.0
004-primary_S1_L001_R1_001_val_1	1.0	1.0	8.0	165.0	922.0	3448.0	9351.0	20514.0	39889.0	75878.0	132362.0	214856.0	320489.0	450919.0	607268.0	809476.0	1120883.0	1746700.0	4009557.0	18372256.0
	5.0	6.0	7.0	8.0	9.0	10.0	11.0	12.0	13.0	14.0	15.0	16.0	17.0	18.0	19.0	20.0	21.0	22.0	23.0	24.0	25.0	26.0	27.0	28.0	29.0	30.0	31.0	32.0	33.0	34.0	35.0
004-primary_S1_L001_R2_001_val_2	1.0	8.0	24.0	41.0	29.0	38.0	50.0	76.0	86.0	366.0	1256.0	3008.0	5489.0	9394.0	15063.0	25369.0	39674.0	59365.0	87267.0	126745.0	182688.0	254920.0	343289.0	447767.0	571492.0	726350.0	933614.0	1270511.0	1945399.0	4230139.0	16655425.0
	18.0	19.0	20.0	21.0	22.0	23.0	24.0	25.0	26.0	27.0	28.0	29.0	30.0	31.0	32.0	33.0	34.0	35.0
004-primary_S1_L002_R1_001_val_1	12.0	152.0	897.0	3480.0	9325.0	20545.0	40183.0	74624.0	131614.0	211629.0	317503.0	447563.0	604509.0	806977.0	1119923.0	1748190.0	4001717.0	18040177.0
	5.0	6.0	7.0	8.0	9.0	10.0	11.0	12.0	13.0	14.0	15.0	16.0	17.0	18.0	19.0	20.0	21.0	22.0	23.0	24.0	25.0	26.0	27.0	28.0	29.0	30.0	31.0	32.0	33.0	34.0	35.0
004-primary_S1_L002_R2_001_val_2	7.0	21.0	26.0	18.0	28.0	41.0	53.0	87.0	105.0	374.0	1409.0	3312.0	6823.0	12151.0	20053.0	32684.0	49699.0	70261.0	99863.0	141280.0	197573.0	270657.0	359039.0	463639.0	589945.0	746446.0	958688.0	1296282.0	1982997.0	4248536.0	16026923.0
	16.0	17.0	18.0	19.0	20.0	21.0	22.0	23.0	24.0	25.0	26.0	27.0	28.0	29.0	30.0	31.0	32.0	33.0	34.0	35.0
004-primary_S1_L003_R1_001_val_1	1.0	1.0	14.0	145.0	895.0	3470.0	9610.0	20326.0	41055.0	77984.0	136326.0	220478.0	331130.0	466179.0	629060.0	840246.0	1170855.0	1833323.0	4203232.0	18088142.0
	6.0	7.0	8.0	9.0	10.0	11.0	12.0	13.0	14.0	15.0	16.0	17.0	18.0	19.0	20.0	21.0	22.0	23.0	24.0	25.0	26.0	27.0	28.0	29.0	30.0	31.0	32.0	33.0	34.0	35.0
004-primary_S1_L003_R2_001_val_2	5.0	3.0	8.0	9.0	13.0	15.0	30.0	51.0	220.0	1155.0	2707.0	5202.0	8836.0	14606.0	24901.0	39727.0	59382.0	88069.0	128573.0	183790.0	259393.0	348811.0	457741.0	585956.0	748482.0	967208.0	1317278.0	2024510.0	4369258.0	16436533.0
	15.0	16.0	17.0	18.0	19.0	20.0	21.0	22.0	23.0	24.0	25.0	26.0	27.0	28.0	29.0	30.0	31.0	32.0	33.0	34.0	35.0
004-primary_S1_L004_R1_001_val_1	1.0	0.0	1.0	11.0	137.0	857.0	3453.0	9115.0	20329.0	40808.0	76046.0	133075.0	214678.0	322827.0	454352.0	613082.0	816959.0	1137047.0	1780973.0	4113370.0	18124105.0
	5.0	6.0	7.0	8.0	9.0	10.0	11.0	12.0	13.0	14.0	15.0	16.0	17.0	18.0	19.0	20.0	21.0	22.0	23.0	24.0	25.0	26.0	27.0	28.0	29.0	30.0	31.0	32.0	33.0	34.0	35.0
004-primary_S1_L004_R2_001_val_2	3.0	6.0	7.0	7.0	7.0	11.0	26.0	35.0	40.0	313.0	1360.0	3353.0	7094.0	12777.0	20574.0	34393.0	51974.0	74534.0	106094.0	148586.0	206673.0	283364.0	373008.0	481990.0	611330.0	773732.0	998191.0	1358117.0	2086138.0	4479131.0	15748358.0
	18.0	19.0	20.0	21.0	22.0	23.0	24.0	25.0	26.0	27.0	28.0	29.0	30.0	31.0	32.0	33.0	34.0	35.0
005-F0_S3_L001_R1_001_val_1	6.0	130.0	619.0	2379.0	6448.0	13830.0	28548.0	55254.0	97345.0	159168.0	238942.0	336799.0	451129.0	602901.0	829940.0	1289421.0	2946898.0	14154567.0
	6.0	7.0	8.0	9.0	10.0	11.0	12.0	13.0	14.0	15.0	16.0	17.0	18.0	19.0	20.0	21.0	22.0	23.0	24.0	25.0	26.0	27.0	28.0	29.0	30.0	31.0	32.0	33.0	34.0	35.0
005-F0_S3_L001_R2_001_val_2	8.0	18.0	20.0	32.0	33.0	34.0	47.0	62.0	205.0	723.0	1849.0	3365.0	5685.0	8952.0	14856.0	23968.0	36927.0	55875.0	84122.0	123987.0	177157.0	240452.0	319356.0	410590.0	525704.0	679738.0	931578.0	1439829.0	3190340.0	12938812.0
	17.0	18.0	19.0	20.0	21.0	22.0	23.0	24.0	25.0	26.0	27.0	28.0	29.0	30.0	31.0	32.0	33.0	34.0	35.0
005-F0_S3_L002_R1_001_val_1	1.0	8.0	107.0	656.0	2403.0	6471.0	13993.0	28053.0	54064.0	96082.0	156727.0	236122.0	331934.0	448248.0	598963.0	828144.0	1287193.0	2937885.0	13872677.0
	5.0	6.0	7.0	8.0	9.0	10.0	11.0	12.0	13.0	14.0	15.0	16.0	17.0	18.0	19.0	20.0	21.0	22.0	23.0	24.0	25.0	26.0	27.0	28.0	29.0	30.0	31.0	32.0	33.0	34.0	35.0
005-F0_S3_L002_R2_001_val_2	2.0	7.0	15.0	22.0	18.0	25.0	42.0	58.0	74.0	221.0	788.0	1887.0	3641.0	6395.0	10671.0	17858.0	27843.0	41505.0	61268.0	90325.0	129514.0	182412.0	247721.0	324311.0	415708.0	530329.0	687193.0	935126.0	1441968.0	3163993.0	12578791.0
	18.0	19.0	20.0	21.0	22.0	23.0	24.0	25.0	26.0	27.0	28.0	29.0	30.0	31.0	32.0	33.0	34.0	35.0
005-F0_S3_L003_R1_001_val_1	10.0	77.0	606.0	2326.0	6379.0	13983.0	28794.0	55998.0	100255.0	164130.0	245832.0	346468.0	466965.0	624946.0	864627.0	1345890.0	3081707.0	14054966.0
	5.0	6.0	7.0	8.0	9.0	10.0	11.0	12.0	13.0	14.0	15.0	16.0	17.0	18.0	19.0	20.0	21.0	22.0	23.0	24.0	25.0	26.0	27.0	28.0	29.0	30.0	31.0	32.0	33.0	34.0	35.0
005-F0_S3_L003_R2_001_val_2	1.0	0.0	1.0	5.0	3.0	3.0	7.0	24.0	39.0	133.0	681.0	1715.0	3309.0	5422.0	8793.0	15306.0	24125.0	36968.0	55896.0	84579.0	124932.0	179429.0	245627.0	325248.0	421679.0	542867.0	703584.0	965551.0	1496260.0	3304486.0	12857286.0
	18.0	19.0	20.0	21.0	22.0	23.0	24.0	25.0	26.0	27.0	28.0	29.0	30.0	31.0	32.0	33.0	34.0	35.0
005-F0_S3_L004_R1_001_val_1	13.0	104.0	647.0	2294.0	6397.0	14062.0	28305.0	54754.0	97844.0	159023.0	239410.0	336222.0	454944.0	607102.0	842288.0	1312608.0	3022977.0	13978282.0
	5.0	6.0	7.0	8.0	9.0	10.0	11.0	12.0	13.0	14.0	15.0	16.0	17.0	18.0	19.0	20.0	21.0	22.0	23.0	24.0	25.0	26.0	27.0	28.0	29.0	30.0	31.0	32.0	33.0	34.0	35.0
005-F0_S3_L004_R2_001_val_2	2.0	4.0	1.0	2.0	7.0	4.0	26.0	30.0	44.0	153.0	836.0	2078.0	4124.0	7473.0	11833.0	19590.0	30176.0	44512.0	65650.0	95210.0	136749.0	190251.0	257221.0	335774.0	430514.0	549553.0	716306.0	978387.0	1520629.0	3356395.0	12403742.0
	17.0	18.0	19.0	20.0	21.0	22.0	23.0	24.0	25.0	26.0	27.0	28.0	29.0	30.0	31.0	32.0	33.0	34.0	35.0
005-F5_S2_L001_R1_001_val_1	2.0	5.0	105.0	564.0	2265.0	6240.0	13257.0	26835.0	50737.0	89037.0	142948.0	212813.0	297514.0	399510.0	533926.0	739281.0	1156322.0	2650392.0	11771408.0
	5.0	6.0	7.0	8.0	9.0	10.0	11.0	12.0	13.0	14.0	15.0	16.0	17.0	18.0	19.0	20.0	21.0	22.0	23.0	24.0	25.0	26.0	27.0	28.0	29.0	30.0	31.0	32.0	33.0	34.0	35.0
005-F5_S2_L001_R2_001_val_2	1.0	5.0	15.0	21.0	23.0	27.0	30.0	41.0	61.0	179.0	755.0	1696.0	3239.0	5512.0	8626.0	14865.0	23438.0	35848.0	53877.0	79587.0	115981.0	163459.0	220190.0	288471.0	370205.0	471369.0	612719.0	837268.0	1291329.0	2824536.0	10669788.0
	17.0	18.0	19.0	20.0	21.0	22.0	23.0	24.0	25.0	26.0	27.0	28.0	29.0	30.0	31.0	32.0	33.0	34.0	35.0
005-F5_S2_L002_R1_001_val_1	1.0	5.0	96.0	628.0	2229.0	6058.0	13343.0	27022.0	50578.0	87900.0	141003.0	210433.0	295353.0	398356.0	532052.0	738236.0	1155543.0	2641177.0	11583006.0
	5.0	6.0	7.0	8.0	9.0	10.0	11.0	12.0	13.0	14.0	15.0	16.0	17.0	18.0	19.0	20.0	21.0	22.0	23.0	24.0	25.0	26.0	27.0	28.0	29.0	30.0	31.0	32.0	33.0	34.0	35.0
005-F5_S2_L002_R2_001_val_2	2.0	15.0	14.0	15.0	22.0	25.0	29.0	49.0	62.0	201.0	765.0	1795.0	3752.0	6935.0	11426.0	18667.0	28893.0	42235.0	61454.0	88529.0	125546.0	173595.0	231502.0	299742.0	381923.0	485190.0	628998.0	855481.0	1317039.0	2836950.0	10282168.0
	17.0	18.0	19.0	20.0	21.0	22.0	23.0	24.0	25.0	26.0	27.0	28.0	29.0	30.0	31.0	32.0	33.0	34.0	35.0
005-F5_S2_L003_R1_001_val_1	1.0	9.0	95.0	583.0	2188.0	6199.0	13793.0	27814.0	52226.0	91668.0	147036.0	218434.0	307992.0	416046.0	554842.0	771559.0	1212461.0	2775856.0	11620499.0
	6.0	7.0	8.0	9.0	10.0	11.0	12.0	13.0	14.0	15.0	16.0	17.0	18.0	19.0	20.0	21.0	22.0	23.0	24.0	25.0	26.0	27.0	28.0	29.0	30.0	31.0	32.0	33.0	34.0	35.0
005-F5_S2_L003_R2_001_val_2	2.0	1.0	5.0	4.0	5.0	9.0	19.0	44.0	138.0	608.0	1505.0	3095.0	5251.0	8466.0	14590.0	23270.0	35865.0	53923.0	80681.0	117499.0	166393.0	224387.0	296524.0	378956.0	487758.0	634994.0	869311.0	1345514.0	2915592.0	10554892.0
	18.0	19.0	20.0	21.0	22.0	23.0	24.0	25.0	26.0	27.0	28.0	29.0	30.0	31.0	32.0	33.0	34.0	35.0
005-F5_S2_L004_R1_001_val_1	12.0	120.0	571.0	2269.0	6059.0	13307.0	26975.0	51464.0	89232.0	143170.0	213792.0	299632.0	404429.0	539860.0	750452.0	1179202.0	2724576.0	11643099.0
	5.0	6.0	7.0	8.0	9.0	10.0	11.0	12.0	13.0	14.0	15.0	16.0	17.0	18.0	19.0	20.0	21.0	22.0	23.0	24.0	25.0	26.0	27.0	28.0	29.0	30.0	31.0	32.0	33.0	34.0	35.0
005-F5_S2_L004_R2_001_val_2	2.0	4.0	2.0	1.0	5.0	5.0	18.0	28.0	28.0	152.0	747.0	1928.0	3984.0	7155.0	11864.0	19980.0	30634.0	44853.0	64441.0	93342.0	132350.0	181304.0	240514.0	311714.0	395348.0	504201.0	653878.0	897942.0	1387392.0	2995102.0	10109303.0
	16.0	17.0	18.0	19.0	20.0	21.0	22.0	23.0	24.0	25.0	26.0	27.0	28.0	29.0	30.0	31.0	32.0	33.0	34.0	35.0
005-primary_S6_L001_R1_001_val_1	1.0	3.0	18.0	170.0	947.0	4060.0	10529.0	22341.0	43975.0	82341.0	144344.0	232857.0	350907.0	492354.0	665596.0	887515.0	1225359.0	1910557.0	4369727.0	20401221.0
	5.0	6.0	7.0	8.0	9.0	10.0	11.0	12.0	13.0	14.0	15.0	16.0	17.0	18.0	19.0	20.0	21.0	22.0	23.0	24.0	25.0	26.0	27.0	28.0	29.0	30.0	31.0	32.0	33.0	34.0	35.0
005-primary_S6_L001_R2_001_val_2	1.0	7.0	24.0	46.0	44.0	34.0	57.0	66.0	85.0	412.0	1574.0	3753.0	6786.0	10958.0	17145.0	28479.0	43824.0	64101.0	93024.0	134796.0	193346.0	270287.0	365217.0	480980.0	616447.0	787805.0	1023389.0	1398481.0	2158783.0	4748187.0	18396684.0
	18.0	19.0	20.0	21.0	22.0	23.0	24.0	25.0	26.0	27.0	28.0	29.0	30.0	31.0	32.0	33.0	34.0	35.0
005-primary_S6_L002_R1_001_val_1	17.0	175.0	1021.0	3957.0	10670.0	22792.0	43405.0	81216.0	142710.0	230745.0	348345.0	488745.0	662435.0	883935.0	1222133.0	1906113.0	4350539.0	20005530.0
	5.0	6.0	7.0	8.0	9.0	10.0	11.0	12.0	13.0	14.0	15.0	16.0	17.0	18.0	19.0	20.0	21.0	22.0	23.0	24.0	25.0	26.0	27.0	28.0	29.0	30.0	31.0	32.0	33.0	34.0	35.0
005-primary_S6_L002_R2_001_val_2	2.0	28.0	24.0	23.0	32.0	44.0	58.0	79.0	116.0	428.0	1639.0	3978.0	7783.0	13842.0	22242.0	35693.0	53483.0	75977.0	106145.0	149372.0	208762.0	286401.0	382551.0	498753.0	635443.0	808223.0	1044567.0	1423551.0	2191086.0	4748557.0	17705601.0
	17.0	18.0	19.0	20.0	21.0	22.0	23.0	24.0	25.0	26.0	27.0	28.0	29.0	30.0	31.0	32.0	33.0	34.0	35.0
005-primary_S6_L003_R1_001_val_1	1.0	17.0	166.0	1004.0	3959.0	10710.0	23060.0	45038.0	84442.0	148541.0	240812.0	362552.0	509636.0	689351.0	922249.0	1278077.0	2001018.0	4575911.0	20183195.0
	5.0	6.0	7.0	8.0	9.0	10.0	11.0	12.0	13.0	14.0	15.0	16.0	17.0	18.0	19.0	20.0	21.0	22.0	23.0	24.0	25.0	26.0	27.0	28.0	29.0	30.0	31.0	32.0	33.0	34.0	35.0
005-primary_S6_L003_R2_001_val_2	1.0	5.0	6.0	3.0	7.0	3.0	22.0	34.0	55.0	312.0	1435.0	3383.0	6205.0	10554.0	16445.0	28485.0	43522.0	64888.0	94540.0	137007.0	196383.0	276166.0	372452.0	491720.0	634171.0	813968.0	1059893.0	1452240.0	2248377.0	4909439.0	18218018.0
	17.0	18.0	19.0	20.0	21.0	22.0	23.0	24.0	25.0	26.0	27.0	28.0	29.0	30.0	31.0	32.0	33.0	34.0	35.0
005-primary_S6_L004_R1_001_val_1	2.0	16.0	167.0	936.0	3930.0	10547.0	22645.0	43806.0	82472.0	145417.0	234853.0	353001.0	496955.0	671735.0	897038.0	1243516.0	1942986.0	4481079.0	20146094.0
	5.0	6.0	7.0	8.0	9.0	10.0	11.0	12.0	13.0	14.0	15.0	16.0	17.0	18.0	19.0	20.0	21.0	22.0	23.0	24.0	25.0	26.0	27.0	28.0	29.0	30.0	31.0	32.0	33.0	34.0	35.0
005-primary_S6_L004_R2_001_val_2	3.0	4.0	5.0	9.0	4.0	13.0	26.0	46.0	38.0	371.0	1617.0	4154.0	8234.0	14418.0	22973.0	37254.0	56141.0	80588.0	112922.0	157627.0	220928.0	299397.0	400326.0	518076.0	659422.0	840446.0	1091168.0	1492999.0	2313051.0	5025733.0	17419202.0
	17.0	18.0	19.0	20.0	21.0	22.0	23.0	24.0	25.0	26.0	27.0	28.0	29.0	30.0	31.0	32.0	33.0	34.0	35.0
006-F0_S6_L001_R1_001_val_1	4.0	15.0	171.0	1002.0	3545.0	9129.0	20100.0	40771.0	75780.0	128013.0	199145.0	286759.0	390266.0	510123.0	669309.0	919824.0	1444608.0	3314465.0	15245376.0
	4.0	5.0	6.0	7.0	8.0	9.0	10.0	11.0	12.0	13.0	14.0	15.0	16.0	17.0	18.0	19.0	20.0	21.0	22.0	23.0	24.0	25.0	26.0	27.0	28.0	29.0	30.0	31.0	32.0	33.0	34.0	35.0
006-F0_S6_L001_R2_001_val_2	5.0	6.0	7.0	17.0	21.0	28.0	32.0	25.0	63.0	112.0	299.0	1212.0	2641.0	4384.0	6792.0	10229.0	17517.0	28889.0	46534.0	72785.0	110502.0	162021.0	228130.0	305341.0	397464.0	504695.0	638060.0	822409.0	1117601.0	1716308.0	3630959.0	13433317.0
	18.0	19.0	20.0	21.0	22.0	23.0	24.0	25.0	26.0	27.0	28.0	29.0	30.0	31.0	32.0	33.0	34.0	35.0
006-F0_S6_L002_R1_001_val_1	21.0	180.0	961.0	3226.0	8465.0	18421.0	36653.0	68937.0	117190.0	182211.0	263832.0	360112.0	473469.0	621315.0	856304.0	1339227.0	3081956.0	14810293.0
	4.0	5.0	6.0	7.0	8.0	9.0	10.0	11.0	12.0	13.0	14.0	15.0	16.0	17.0	18.0	19.0	20.0	21.0	22.0	23.0	24.0	25.0	26.0	27.0	28.0	29.0	30.0	31.0	32.0	33.0	34.0	35.0
006-F0_S6_L002_R2_001_val_2	1.0	6.0	12.0	12.0	17.0	25.0	16.0	37.0	59.0	80.0	234.0	1204.0	2959.0	6361.0	11874.0	18663.0	28184.0	40602.0	57876.0	82268.0	118936.0	167316.0	229030.0	301225.0	387197.0	488170.0	614013.0	787055.0	1066957.0	1629889.0	3412226.0	12790269.0
	18.0	19.0	20.0	21.0	22.0	23.0	24.0	25.0	26.0	27.0	28.0	29.0	30.0	31.0	32.0	33.0	34.0	35.0
006-F0_S6_L003_R1_001_val_1	22.0	174.0	1003.0	3527.0	9300.0	20040.0	40152.0	75155.0	127354.0	200275.0	288962.0	393728.0	520534.0	683992.0	942884.0	1483422.0	3420140.0	15261770.0
	7.0	8.0	9.0	10.0	11.0	12.0	13.0	14.0	15.0	16.0	17.0	18.0	19.0	20.0	21.0	22.0	23.0	24.0	25.0	26.0	27.0	28.0	29.0	30.0	31.0	32.0	33.0	34.0	35.0
006-F0_S6_L003_R2_001_val_2	1.0	1.0	2.0	1.0	7.0	15.0	13.0	132.0	948.0	2199.0	3863.0	5962.0	9509.0	16204.0	26742.0	43160.0	67736.0	104321.0	153863.0	220402.0	297924.0	389929.0	497918.0	636328.0	821987.0	1117992.0	1717154.0	3627946.0	13710175.0
	17.0	18.0	19.0	20.0	21.0	22.0	23.0	24.0	25.0	26.0	27.0	28.0	29.0	30.0	31.0	32.0	33.0	34.0	35.0
006-F0_S6_L004_R1_001_val_1	2.0	23.0	188.0	921.0	3224.0	8421.0	18229.0	36450.0	68215.0	116484.0	181856.0	263264.0	359678.0	472701.0	623153.0	858732.0	1350964.0	3127191.0	14599198.0
	8.0	9.0	10.0	11.0	12.0	13.0	14.0	15.0	16.0	17.0	18.0	19.0	20.0	21.0	22.0	23.0	24.0	25.0	26.0	27.0	28.0	29.0	30.0	31.0	32.0	33.0	34.0	35.0
006-F0_S6_L004_R2_001_val_2	1.0	0.0	5.0	14.0	13.0	15.0	114.0	984.0	2479.0	4468.0	7220.0	11540.0	19366.0	31208.0	48740.0	73024.0	108655.0	156565.0	217573.0	291362.0	377159.0	479213.0	607123.0	780932.0	1064047.0	1630067.0	3421803.0	12755204.0
	17.0	18.0	19.0	20.0	21.0	22.0	23.0	24.0	25.0	26.0	27.0	28.0	29.0	30.0	31.0	32.0	33.0	34.0	35.0
006-F5_S1_L001_R1_001_val_1	2.0	23.0	162.0	859.0	3024.0	7922.0	17580.0	36312.0	69207.0	118647.0	184184.0	267655.0	364443.0	482195.0	639673.0	893422.0	1426198.0	3307262.0	13802421.0
	4.0	5.0	6.0	7.0	8.0	9.0	10.0	11.0	12.0	13.0	14.0	15.0	16.0	17.0	18.0	19.0	20.0	21.0	22.0	23.0	24.0	25.0	26.0	27.0	28.0	29.0	30.0	31.0	32.0	33.0	34.0	35.0
006-F5_S1_L001_R2_001_val_2	3.0	4.0	15.0	14.0	15.0	17.0	25.0	38.0	67.0	104.0	241.0	1225.0	2536.0	4311.0	6861.0	10203.0	17027.0	27685.0	44284.0	69711.0	107160.0	158624.0	223028.0	301396.0	392695.0	502830.0	637165.0	828390.0	1132965.0	1738987.0	3600332.0	11813233.0
	17.0	18.0	19.0	20.0	21.0	22.0	23.0	24.0	25.0	26.0	27.0	28.0	29.0	30.0	31.0	32.0	33.0	34.0	35.0
006-F5_S1_L002_R1_001_val_1	4.0	19.0	169.0	796.0	2791.0	7281.0	15912.0	33142.0	62804.0	108733.0	170322.0	247984.0	338634.0	450040.0	597599.0	831956.0	1328567.0	3082757.0	13440077.0
	5.0	6.0	7.0	8.0	9.0	10.0	11.0	12.0	13.0	14.0	15.0	16.0	17.0	18.0	19.0	20.0	21.0	22.0	23.0	24.0	25.0	26.0	27.0	28.0	29.0	30.0	31.0	32.0	33.0	34.0	35.0
006-F5_S1_L002_R2_001_val_2	6.0	14.0	15.0	17.0	13.0	29.0	27.0	45.0	92.0	226.0	1030.0	2819.0	6443.0	11985.0	18894.0	28250.0	40498.0	57071.0	82302.0	117555.0	166321.0	228029.0	301240.0	388730.0	489612.0	620151.0	797778.0	1087171.0	1657902.0	3394297.0	11221025.0
	18.0	19.0	20.0	21.0	22.0	23.0	24.0	25.0	26.0	27.0	28.0	29.0	30.0	31.0	32.0	33.0	34.0	35.0
006-F5_S1_L003_R1_001_val_1	13.0	144.0	823.0	2821.0	7769.0	17544.0	35650.0	68218.0	117080.0	184700.0	268184.0	368267.0	488775.0	654230.0	912752.0	1467564.0	3409234.0	13799368.0
	10.0	11.0	12.0	13.0	14.0	15.0	16.0	17.0	18.0	19.0	20.0	21.0	22.0	23.0	24.0	25.0	26.0	27.0	28.0	29.0	30.0	31.0	32.0	33.0	34.0	35.0
006-F5_S1_L003_R2_001_val_2	1.0	3.0	8.0	23.0	142.0	851.0	2090.0	3753.0	6175.0	9379.0	15771.0	25573.0	40930.0	64728.0	100308.0	149640.0	214646.0	292030.0	383938.0	492263.0	629243.0	820811.0	1126765.0	1727165.0	3583020.0	12113880.0
	17.0	18.0	19.0	20.0	21.0	22.0	23.0	24.0	25.0	26.0	27.0	28.0	29.0	30.0	31.0	32.0	33.0	34.0	35.0
006-F5_S1_L004_R1_001_val_1	1.0	14.0	136.0	808.0	2639.0	7140.0	15747.0	32660.0	62349.0	108093.0	169213.0	246074.0	337912.0	449823.0	598213.0	837564.0	1344374.0	3141534.0	13245835.0
	9.0	10.0	11.0	12.0	13.0	14.0	15.0	16.0	17.0	18.0	19.0	20.0	21.0	22.0	23.0	24.0	25.0	26.0	27.0	28.0	29.0	30.0	31.0	32.0	33.0	34.0	35.0
006-F5_S1_L004_R2_001_val_2	2.0	2.0	7.0	15.0	21.0	104.0	845.0	2379.0	4475.0	7644.0	12080.0	19370.0	30549.0	46883.0	70766.0	106742.0	154856.0	215347.0	290059.0	377992.0	482247.0	614337.0	797389.0	1090626.0	1671118.0	3419960.0	11184314.0
	17.0	18.0	19.0	20.0	21.0	22.0	23.0	24.0	25.0	26.0	27.0	28.0	29.0	30.0	31.0	32.0	33.0	34.0	35.0
008-F0_S1_L001_R1_001_val_1	2.0	20.0	194.0	1080.0	3603.0	8678.0	17405.0	32135.0	57130.0	95561.0	146081.0	211332.0	287582.0	380410.0	496543.0	671527.0	1029083.0	2310333.0	17337418.0
	8.0	9.0	10.0	11.0	12.0	13.0	14.0	15.0	16.0	17.0	18.0	19.0	20.0	21.0	22.0	23.0	24.0	25.0	26.0	27.0	28.0	29.0	30.0	31.0	32.0	33.0	34.0	35.0
008-F0_S1_L001_R2_001_val_2	1.0	4.0	8.0	37.0	62.0	55.0	361.0	1291.0	2525.0	4579.0	7608.0	11935.0	19603.0	29958.0	43988.0	63738.0	91293.0	128613.0	175647.0	230143.0	296618.0	371377.0	464995.0	589331.0	790643.0	1192737.0	2559993.0	16008974.0
	17.0	18.0	19.0	20.0	21.0	22.0	23.0	24.0	25.0	26.0	27.0	28.0	29.0	30.0	31.0	32.0	33.0	34.0	35.0
008-F0_S1_L002_R1_001_val_1	2.0	21.0	211.0	1108.0	3785.0	9161.0	17622.0	32449.0	57030.0	93555.0	143649.0	206758.0	282519.0	371898.0	485933.0	659648.0	1008874.0	2274757.0	17134490.0
	8.0	9.0	10.0	11.0	12.0	13.0	14.0	15.0	16.0	17.0	18.0	19.0	20.0	21.0	22.0	23.0	24.0	25.0	26.0	27.0	28.0	29.0	30.0	31.0	32.0	33.0	34.0	35.0
008-F0_S1_L002_R2_001_val_2	1.0	6.0	3.0	13.0	27.0	43.0	542.0	1900.0	3610.0	6736.0	11076.0	17232.0	27748.0	40752.0	57316.0	78849.0	108012.0	144990.0	192686.0	248361.0	311293.0	385894.0	478896.0	605497.0	810315.0	1221472.0	2611423.0	15418777.0
	16.0	17.0	18.0	19.0	20.0	21.0	22.0	23.0	24.0	25.0	26.0	27.0	28.0	29.0	30.0	31.0	32.0	33.0	34.0	35.0
008-F0_S1_L003_R1_001_val_1	1.0	0.0	18.0	164.0	954.0	3481.0	8714.0	17172.0	32081.0	56559.0	94671.0	145143.0	209099.0	284884.0	377363.0	493965.0	673158.0	1031345.0	2334159.0	16837009.0
	7.0	8.0	9.0	10.0	11.0	12.0	13.0	14.0	15.0	16.0	17.0	18.0	19.0	20.0	21.0	22.0	23.0	24.0	25.0	26.0	27.0	28.0	29.0	30.0	31.0	32.0	33.0	34.0	35.0
008-F0_S1_L003_R2_001_val_2	2.0	1.0	11.0	21.0	47.0	56.0	88.0	552.0	1734.0	3259.0	5224.0	7967.0	12417.0	20227.0	30503.0	44812.0	63667.0	90971.0	126730.0	172505.0	227396.0	290574.0	363991.0	456299.0	583738.0	781950.0	1184781.0	2542014.0	15588403.0
	18.0	19.0	20.0	21.0	22.0	23.0	24.0	25.0	26.0	27.0	28.0	29.0	30.0	31.0	32.0	33.0	34.0	35.0
008-F0_S1_L004_R1_001_val_1	27.0	139.0	1034.0	3484.0	8556.0	17467.0	32519.0	56968.0	94809.0	146641.0	211149.0	287677.0	379263.0	496715.0	676444.0	1039102.0	2349938.0	17465872.0
	8.0	9.0	10.0	11.0	12.0	13.0	14.0	15.0	16.0	17.0	18.0	19.0	20.0	21.0	22.0	23.0	24.0	25.0	26.0	27.0	28.0	29.0	30.0	31.0	32.0	33.0	34.0	35.0
008-F0_S1_L004_R2_001_val_2	1.0	2.0	4.0	13.0	36.0	39.0	544.0	1874.0	3645.0	6231.0	10374.0	15943.0	25468.0	38011.0	54054.0	75377.0	104907.0	143286.0	191452.0	248102.0	313034.0	389585.0	483219.0	615191.0	823156.0	1243624.0	2661558.0	15819074.0
	18.0	19.0	20.0	21.0	22.0	23.0	24.0	25.0	26.0	27.0	28.0	29.0	30.0	31.0	32.0	33.0	34.0	35.0
008-F5_S2_L001_R1_001_val_1	6.0	96.0	404.0	1523.0	3739.0	8042.0	15764.0	29133.0	49120.0	76114.0	110313.0	150944.0	198659.0	258232.0	351183.0	533938.0	1193008.0	9916610.0
	8.0	9.0	10.0	11.0	12.0	13.0	14.0	15.0	16.0	17.0	18.0	19.0	20.0	21.0	22.0	23.0	24.0	25.0	26.0	27.0	28.0	29.0	30.0	31.0	32.0	33.0	34.0	35.0
008-F5_S2_L001_R2_001_val_2	1.0	3.0	4.0	17.0	33.0	30.0	129.0	544.0	1054.0	1971.0	3379.0	5205.0	8785.0	13458.0	20048.0	29779.0	44062.0	62614.0	86720.0	116395.0	149832.0	189100.0	235446.0	300032.0	399819.0	605118.0	1312552.0	9310698.0
	17.0	18.0	19.0	20.0	21.0	22.0	23.0	24.0	25.0	26.0	27.0	28.0	29.0	30.0	31.0	32.0	33.0	34.0	35.0
008-F5_S2_L002_R1_001_val_1	1.0	11.0	104.0	490.0	1621.0	4104.0	8136.0	15681.0	28236.0	47902.0	73994.0	107384.0	146495.0	192530.0	252393.0	343205.0	523351.0	1174342.0	9819357.0
	8.0	9.0	10.0	11.0	12.0	13.0	14.0	15.0	16.0	17.0	18.0	19.0	20.0	21.0	22.0	23.0	24.0	25.0	26.0	27.0	28.0	29.0	30.0	31.0	32.0	33.0	34.0	35.0
008-F5_S2_L002_R2_001_val_2	1.0	1.0	1.0	5.0	13.0	13.0	216.0	797.0	1612.0	2960.0	4849.0	7872.0	12729.0	18781.0	26257.0	37024.0	51121.0	70795.0	95013.0	123052.0	157648.0	195564.0	242686.0	309000.0	411724.0	620903.0	1347325.0	9001375.0
	17.0	18.0	19.0	20.0	21.0	22.0	23.0	24.0	25.0	26.0	27.0	28.0	29.0	30.0	31.0	32.0	33.0	34.0	35.0
008-F5_S2_L003_R1_001_val_1	1.0	12.0	78.0	398.0	1500.0	3620.0	7899.0	15237.0	28324.0	47996.0	74410.0	108460.0	149462.0	196406.0	257011.0	349434.0	533562.0	1199024.0	9690510.0
	8.0	9.0	10.0	11.0	12.0	13.0	14.0	15.0	16.0	17.0	18.0	19.0	20.0	21.0	22.0	23.0	24.0	25.0	26.0	27.0	28.0	29.0	30.0	31.0	32.0	33.0	34.0	35.0
008-F5_S2_L003_R2_001_val_2	1.0	5.0	4.0	27.0	44.0	49.0	236.0	718.0	1344.0	2330.0	3525.0	5461.0	8972.0	13526.0	20011.0	29405.0	42843.0	61136.0	84587.0	113591.0	146477.0	184671.0	231858.0	295268.0	395052.0	598135.0	1299261.0	9124807.0
	18.0	19.0	20.0	21.0	22.0	23.0	24.0	25.0	26.0	27.0	28.0	29.0	30.0	31.0	32.0	33.0	34.0	35.0
008-F5_S2_L004_R1_001_val_1	4.0	75.0	407.0	1509.0	3784.0	7909.0	15569.0	28721.0	48142.0	75114.0	109407.0	149827.0	198188.0	258701.0	352207.0	537187.0	1210012.0	10003068.0
	6.0	7.0	8.0	9.0	10.0	11.0	12.0	13.0	14.0	15.0	16.0	17.0	18.0	19.0	20.0	21.0	22.0	23.0	24.0	25.0	26.0	27.0	28.0	29.0	30.0	31.0	32.0	33.0	34.0	35.0
008-F5_S2_L004_R2_001_val_2	3.0	0.0	1.0	4.0	4.0	14.0	12.0	27.0	235.0	688.0	1486.0	2715.0	4635.0	7182.0	11477.0	17475.0	24898.0	35375.0	49843.0	69204.0	93668.0	123881.0	157620.0	197952.0	246045.0	311626.0	417283.0	629966.0	1367039.0	9229473.0
	17.0	18.0	19.0	20.0	21.0	22.0	23.0	24.0	25.0	26.0	27.0	28.0	29.0	30.0	31.0	32.0	33.0	34.0	35.0
018-F0_S3_L001_R1_001_val_1	1.0	13.0	151.0	790.0	2708.0	6665.0	13216.0	25034.0	45051.0	75070.0	115766.0	167366.0	229366.0	302687.0	396636.0	538665.0	825268.0	1833669.0	14122632.0
	8.0	9.0	10.0	11.0	12.0	13.0	14.0	15.0	16.0	17.0	18.0	19.0	20.0	21.0	22.0	23.0	24.0	25.0	26.0	27.0	28.0	29.0	30.0	31.0	32.0	33.0	34.0	35.0
018-F0_S3_L001_R2_001_val_2	1.0	2.0	11.0	29.0	46.0	53.0	154.0	593.0	1237.0	2446.0	4405.0	7518.0	12750.0	20703.0	31150.0	46297.0	67009.0	96325.0	132562.0	176417.0	227756.0	287922.0	363036.0	466481.0	633305.0	969865.0	2119450.0	13033231.0
	17.0	18.0	19.0	20.0	21.0	22.0	23.0	24.0	25.0	26.0	27.0	28.0	29.0	30.0	31.0	32.0	33.0	34.0	35.0
018-F0_S3_L002_R1_001_val_1	1.0	22.0	151.0	805.0	2869.0	7085.0	13564.0	25398.0	43976.0	72939.0	113135.0	163429.0	223074.0	295813.0	387288.0	529615.0	811909.0	1809551.0	13956932.0
	9.0	10.0	11.0	12.0	13.0	14.0	15.0	16.0	17.0	18.0	19.0	20.0	21.0	22.0	23.0	24.0	25.0	26.0	27.0	28.0	29.0	30.0	31.0	32.0	33.0	34.0	35.0
018-F0_S3_L002_R2_001_val_2	1.0	2.0	6.0	17.0	21.0	270.0	853.0	1870.0	3854.0	6800.0	11357.0	18348.0	27895.0	40469.0	56320.0	78212.0	106639.0	143129.0	185811.0	236955.0	295391.0	372424.0	477531.0	643416.0	988527.0	2153251.0	12608187.0
	18.0	19.0	20.0	21.0	22.0	23.0	24.0	25.0	26.0	27.0	28.0	29.0	30.0	31.0	32.0	33.0	34.0	35.0
018-F0_S3_L003_R1_001_val_1	17.0	153.0	763.0	2615.0	6660.0	13224.0	24891.0	44284.0	73568.0	114213.0	165433.0	226707.0	300426.0	397339.0	541139.0	828992.0	1859740.0	13731534.0
	8.0	9.0	10.0	11.0	12.0	13.0	14.0	15.0	16.0	17.0	18.0	19.0	20.0	21.0	22.0	23.0	24.0	25.0	26.0	27.0	28.0	29.0	30.0	31.0	32.0	33.0	34.0	35.0
018-F0_S3_L003_R2_001_val_2	1.0	9.0	12.0	27.0	52.0	67.0	232.0	785.0	1586.0	2828.0	4622.0	7814.0	13276.0	21067.0	31306.0	45983.0	66623.0	95262.0	130654.0	172571.0	224230.0	283788.0	359844.0	463170.0	629289.0	969192.0	2122691.0	12684717.0
	16.0	17.0	18.0	19.0	20.0	21.0	22.0	23.0	24.0	25.0	26.0	27.0	28.0	29.0	30.0	31.0	32.0	33.0	34.0	35.0
018-F0_S3_L004_R1_001_val_1	1.0	0.0	21.0	148.0	755.0	2648.0	6611.0	13494.0	25071.0	44760.0	74581.0	115252.0	167038.0	228565.0	302625.0	397409.0	542384.0	831746.0	1868205.0	14223649.0
	7.0	8.0	9.0	10.0	11.0	12.0	13.0	14.0	15.0	16.0	17.0	18.0	19.0	20.0	21.0	22.0	23.0	24.0	25.0	26.0	27.0	28.0	29.0	30.0	31.0	32.0	33.0	34.0	35.0
018-F0_S3_L004_R2_001_val_2	1.0	0.0	4.0	5.0	10.0	23.0	52.0	269.0	872.0	1759.0	3723.0	6317.0	10159.0	16629.0	25995.0	37821.0	53907.0	75847.0	105410.0	142741.0	186943.0	239049.0	299983.0	378989.0	482827.0	656819.0	1006636.0	2197520.0	12914653.0
	17.0	18.0	19.0	20.0	21.0	22.0	23.0	24.0	25.0	26.0	27.0	28.0	29.0	30.0	31.0	32.0	33.0	34.0	35.0
018-F5_S4_L001_R1_001_val_1	1.0	9.0	125.0	625.0	2137.0	5100.0	10661.0	20908.0	38279.0	64343.0	99491.0	143795.0	196457.0	258016.0	338055.0	458742.0	700209.0	1565188.0	12526230.0
	8.0	9.0	10.0	11.0	12.0	13.0	14.0	15.0	16.0	17.0	18.0	19.0	20.0	21.0	22.0	23.0	24.0	25.0	26.0	27.0	28.0	29.0	30.0	31.0	32.0	33.0	34.0	35.0
018-F5_S4_L001_R2_001_val_2	1.0	0.0	7.0	23.0	48.0	42.0	110.0	324.0	804.0	1701.0	3136.0	5258.0	9180.0	15003.0	23518.0	35565.0	53829.0	77894.0	108238.0	145490.0	189494.0	238790.0	301645.0	385855.0	519581.0	793811.0	1741654.0	11777370.0
	17.0	18.0	19.0	20.0	21.0	22.0	23.0	24.0	25.0	26.0	27.0	28.0	29.0	30.0	31.0	32.0	33.0	34.0	35.0
018-F5_S4_L002_R1_001_val_1	3.0	10.0	130.0	697.0	2253.0	5351.0	11175.0	20980.0	37814.0	63175.0	97415.0	140577.0	191338.0	253222.0	331894.0	451592.0	688820.0	1545227.0	12428282.0
	10.0	11.0	12.0	13.0	14.0	15.0	16.0	17.0	18.0	19.0	20.0	21.0	22.0	23.0	24.0	25.0	26.0	27.0	28.0	29.0	30.0	31.0	32.0	33.0	34.0	35.0
018-F5_S4_L002_R2_001_val_2	1.0	9.0	17.0	25.0	134.0	430.0	1151.0	2425.0	4581.0	7877.0	13081.0	20682.0	30619.0	44424.0	62939.0	87884.0	118847.0	156127.0	199448.0	249075.0	312223.0	399491.0	538330.0	819640.0	1796205.0	11404290.0
	18.0	19.0	20.0	21.0	22.0	23.0	24.0	25.0	26.0	27.0	28.0	29.0	30.0	31.0	32.0	33.0	34.0	35.0
018-F5_S4_L003_R1_001_val_1	7.0	105.0	606.0	1970.0	5022.0	10708.0	20738.0	37493.0	63808.0	98981.0	142030.0	194109.0	257627.0	337214.0	459723.0	703672.0	1578559.0	12250523.0
	6.0	7.0	8.0	9.0	10.0	11.0	12.0	13.0	14.0	15.0	16.0	17.0	18.0	19.0	20.0	21.0	22.0	23.0	24.0	25.0	26.0	27.0	28.0	29.0	30.0	31.0	32.0	33.0	34.0	35.0
018-F5_S4_L003_R2_001_val_2	1.0	0.0	1.0	6.0	9.0	23.0	49.0	50.0	133.0	406.0	932.0	1721.0	3177.0	5115.0	9037.0	14748.0	23135.0	35270.0	52402.0	76128.0	105940.0	143355.0	185288.0	234797.0	298092.0	382766.0	517443.0	789779.0	1736917.0	11546175.0
	17.0	18.0	19.0	20.0	21.0	22.0	23.0	24.0	25.0	26.0	27.0	28.0	29.0	30.0	31.0	32.0	33.0	34.0	35.0
018-F5_S4_L004_R1_001_val_1	2.0	11.0	112.0	576.0	2078.0	5098.0	10920.0	20808.0	38205.0	63990.0	98937.0	143256.0	195617.0	258614.0	338643.0	461707.0	707535.0	1590337.0	12661094.0
	8.0	9.0	10.0	11.0	12.0	13.0	14.0	15.0	16.0	17.0	18.0	19.0	20.0	21.0	22.0	23.0	24.0	25.0	26.0	27.0	28.0	29.0	30.0	31.0	32.0	33.0	34.0	35.0
018-F5_S4_L004_R2_001_val_2	1.0	2.0	1.0	12.0	31.0	35.0	110.0	446.0	1114.0	2250.0	4091.0	7326.0	11947.0	18963.0	28666.0	42500.0	60887.0	85781.0	117850.0	155436.0	199533.0	251436.0	316281.0	403549.0	544679.0	830120.0	1823937.0	11690556.0
	18.0	19.0	20.0	21.0	22.0	23.0	24.0	25.0	26.0	27.0	28.0	29.0	30.0	31.0	32.0	33.0	34.0	35.0
019-F0_S5_L001_R1_001_val_1	14.0	135.0	615.0	2123.0	4785.0	9998.0	18669.0	33926.0	56553.0	86831.0	125796.0	171512.0	226030.0	295085.0	397980.0	602698.0	1314567.0	11012979.0
	7.0	8.0	9.0	10.0	11.0	12.0	13.0	14.0	15.0	16.0	17.0	18.0	19.0	20.0	21.0	22.0	23.0	24.0	25.0	26.0	27.0	28.0	29.0	30.0	31.0	32.0	33.0	34.0	35.0
019-F0_S5_L001_R2_001_val_2	1.0	0.0	3.0	8.0	17.0	40.0	41.0	138.0	542.0	1160.0	2124.0	3455.0	5401.0	8976.0	14209.0	21817.0	32291.0	47354.0	68232.0	95247.0	126182.0	164292.0	207166.0	262522.0	335126.0	446809.0	673391.0	1446055.0	10397697.0
	18.0	19.0	20.0	21.0	22.0	23.0	24.0	25.0	26.0	27.0	28.0	29.0	30.0	31.0	32.0	33.0	34.0	35.0
019-F0_S5_L002_R1_001_val_1	14.0	137.0	635.0	2096.0	5024.0	10093.0	18670.0	32919.0	54954.0	84243.0	121953.0	166397.0	219588.0	288799.0	390389.0	591163.0	1289419.0	10904123.0
	10.0	11.0	12.0	13.0	14.0	15.0	16.0	17.0	18.0	19.0	20.0	21.0	22.0	23.0	24.0	25.0	26.0	27.0	28.0	29.0	30.0	31.0	32.0	33.0	34.0	35.0
019-F0_S5_L002_R2_001_val_2	2.0	10.0	10.0	28.0	235.0	726.0	1610.0	2897.0	4768.0	7557.0	12102.0	18813.0	26879.0	38257.0	54322.0	75539.0	101422.0	132487.0	169881.0	212845.0	266766.0	340551.0	452868.0	681008.0	1466380.0	10112653.0
	18.0	19.0	20.0	21.0	22.0	23.0	24.0	25.0	26.0	27.0	28.0	29.0	30.0	31.0	32.0	33.0	34.0	35.0
019-F0_S5_L003_R1_001_val_1	18.0	114.0	566.0	2071.0	4760.0	9829.0	18533.0	33177.0	55889.0	86214.0	123336.0	168924.0	224286.0	294418.0	396999.0	602072.0	1316314.0	10791973.0
	6.0	7.0	8.0	9.0	10.0	11.0	12.0	13.0	14.0	15.0	16.0	17.0	18.0	19.0	20.0	21.0	22.0	23.0	24.0	25.0	26.0	27.0	28.0	29.0	30.0	31.0	32.0	33.0	34.0	35.0
019-F0_S5_L003_R2_001_val_2	1.0	0.0	2.0	5.0	10.0	21.0	32.0	52.0	204.0	684.0	1335.0	2374.0	3654.0	5542.0	9030.0	13898.0	21349.0	31742.0	46653.0	66883.0	92230.0	124512.0	160232.0	203748.0	257285.0	328758.0	441791.0	665883.0	1435120.0	10216463.0
	18.0	19.0	20.0	21.0	22.0	23.0	24.0	25.0	26.0	27.0	28.0	29.0	30.0	31.0	32.0	33.0	34.0	35.0
019-F0_S5_L004_R1_001_val_1	16.0	110.0	605.0	2130.0	4964.0	9761.0	18764.0	33585.0	55504.0	86349.0	125050.0	170186.0	225833.0	296036.0	400749.0	605345.0	1328654.0	11112823.0
	9.0	10.0	11.0	12.0	13.0	14.0	15.0	16.0	17.0	18.0	19.0	20.0	21.0	22.0	23.0	24.0	25.0	26.0	27.0	28.0	29.0	30.0	31.0	32.0	33.0	34.0	35.0
019-F0_S5_L004_R2_001_val_2	3.0	4.0	11.0	16.0	33.0	208.0	833.0	1569.0	2827.0	4569.0	7003.0	11189.0	17368.0	25779.0	36685.0	52573.0	73605.0	100702.0	133055.0	170476.0	215046.0	270550.0	343291.0	461641.0	691864.0	1488318.0	10367246.0
	16.0	17.0	18.0	19.0	20.0	21.0	22.0	23.0	24.0	25.0	26.0	27.0	28.0	29.0	30.0	31.0	32.0	33.0	34.0	35.0
019-F5_S6_L001_R1_001_val_1	2.0	2.0	32.0	216.0	1030.0	3414.0	8093.0	15799.0	29098.0	50870.0	84730.0	129956.0	187411.0	255714.0	335867.0	439428.0	596122.0	906789.0	2029035.0	16302976.0
	9.0	10.0	11.0	12.0	13.0	14.0	15.0	16.0	17.0	18.0	19.0	20.0	21.0	22.0	23.0	24.0	25.0	26.0	27.0	28.0	29.0	30.0	31.0	32.0	33.0	34.0	35.0
019-F5_S6_L001_R2_001_val_2	2.0	13.0	35.0	63.0	60.0	409.0	1344.0	2739.0	4517.0	7373.0	11006.0	17337.0	26417.0	38115.0	54413.0	76909.0	108281.0	147423.0	195191.0	252889.0	317834.0	399632.0	511281.0	684002.0	1038964.0	2257438.0	15222897.0
	17.0	18.0	19.0	20.0	21.0	22.0	23.0	24.0	25.0	26.0	27.0	28.0	29.0	30.0	31.0	32.0	33.0	34.0	35.0
019-F5_S6_L002_R1_001_val_1	2.0	24.0	232.0	1120.0	3506.0	8567.0	16154.0	28909.0	50286.0	82692.0	126080.0	182825.0	249253.0	327847.0	429877.0	581950.0	888737.0	1992894.0	16161879.0
	8.0	9.0	10.0	11.0	12.0	13.0	14.0	15.0	16.0	17.0	18.0	19.0	20.0	21.0	22.0	23.0	24.0	25.0	26.0	27.0	28.0	29.0	30.0	31.0	32.0	33.0	34.0	35.0
019-F5_S6_L002_R2_001_val_2	2.0	2.0	6.0	14.0	19.0	33.0	609.0	2062.0	3775.0	6568.0	10335.0	15667.0	23875.0	35596.0	49087.0	67031.0	91257.0	122690.0	161939.0	209869.0	266135.0	330281.0	413026.0	525528.0	702573.0	1066440.0	2316347.0	14712068.0
	17.0	18.0	19.0	20.0	21.0	22.0	23.0	24.0	25.0	26.0	27.0	28.0	29.0	30.0	31.0	32.0	33.0	34.0	35.0
019-F5_S6_L003_R1_001_val_1	4.0	24.0	161.0	942.0	3372.0	8024.0	15594.0	28867.0	50689.0	83234.0	128671.0	185496.0	253074.0	333982.0	438286.0	594639.0	908793.0	2043970.0	15911365.0
	8.0	9.0	10.0	11.0	12.0	13.0	14.0	15.0	16.0	17.0	18.0	19.0	20.0	21.0	22.0	23.0	24.0	25.0	26.0	27.0	28.0	29.0	30.0	31.0	32.0	33.0	34.0	35.0
019-F5_S6_L003_R2_001_val_2	1.0	11.0	21.0	30.0	60.0	66.0	567.0	1897.0	3488.0	5332.0	7836.0	11480.0	17481.0	26758.0	38093.0	54476.0	76873.0	106624.0	144936.0	191530.0	247022.0	311088.0	392218.0	502750.0	676112.0	1029040.0	2239863.0	14903534.0
	17.0	18.0	19.0	20.0	21.0	22.0	23.0	24.0	25.0	26.0	27.0	28.0	29.0	30.0	31.0	32.0	33.0	34.0	35.0
019-F5_S6_L004_R1_001_val_1	3.0	25.0	173.0	954.0	3352.0	8095.0	15727.0	29106.0	50621.0	83604.0	129102.0	185960.0	255194.0	336065.0	440627.0	596467.0	909285.0	2059123.0	16453021.0
	9.0	10.0	11.0	12.0	13.0	14.0	15.0	16.0	17.0	18.0	19.0	20.0	21.0	22.0	23.0	24.0	25.0	26.0	27.0	28.0	29.0	30.0	31.0	32.0	33.0	34.0	35.0
019-F5_S6_L004_R2_001_val_2	3.0	7.0	11.0	34.0	37.0	593.0	2160.0	3869.0	6468.0	9718.0	14434.0	22368.0	32707.0	46860.0	64155.0	88300.0	120388.0	160383.0	209858.0	266980.0	333424.0	417099.0	531396.0	712689.0	1078301.0	2348543.0	15085719.0
	17.0	18.0	19.0	20.0	21.0	22.0	23.0	24.0	25.0	26.0	27.0	28.0	29.0	30.0	31.0	32.0	33.0	34.0	35.0
029-F0_S5_L001_R1_001_val_1	1.0	19.0	163.0	889.0	3144.0	7841.0	17267.0	34903.0	65901.0	112344.0	177003.0	255806.0	348135.0	457022.0	601079.0	822667.0	1280379.0	2942271.0	14276347.0
	4.0	5.0	6.0	7.0	8.0	9.0	10.0	11.0	12.0	13.0	14.0	15.0	16.0	17.0	18.0	19.0	20.0	21.0	22.0	23.0	24.0	25.0	26.0	27.0	28.0	29.0	30.0	31.0	32.0	33.0	34.0	35.0
029-F0_S5_L001_R2_001_val_2	2.0	0.0	10.0	17.0	10.0	21.0	18.0	25.0	70.0	113.0	251.0	1221.0	2451.0	3919.0	6183.0	9462.0	15668.0	25329.0	39883.0	62355.0	95470.0	140846.0	198470.0	268073.0	348955.0	444719.0	565160.0	727339.0	988439.0	1525839.0	3271074.0	12661789.0
	17.0	18.0	19.0	20.0	21.0	22.0	23.0	24.0	25.0	26.0	27.0	28.0	29.0	30.0	31.0	32.0	33.0	34.0	35.0
029-F0_S5_L002_R1_001_val_1	3.0	15.0	156.0	858.0	2970.0	7346.0	15813.0	31654.0	59804.0	103001.0	162581.0	235147.0	321778.0	422765.0	555145.0	763016.0	1189468.0	2724399.0	13858497.0
	4.0	5.0	6.0	7.0	8.0	9.0	10.0	11.0	12.0	13.0	14.0	15.0	16.0	17.0	18.0	19.0	20.0	21.0	22.0	23.0	24.0	25.0	26.0	27.0	28.0	29.0	30.0	31.0	32.0	33.0	34.0	35.0
029-F0_S5_L002_R2_001_val_2	1.0	7.0	12.0	22.0	22.0	17.0	16.0	16.0	50.0	80.0	233.0	1047.0	2785.0	5973.0	10763.0	16803.0	24595.0	34693.0	49012.0	70553.0	101343.0	144066.0	199532.0	263496.0	339099.0	429465.0	539394.0	693332.0	939919.0	1441175.0	3064090.0	12082805.0
	17.0	18.0	19.0	20.0	21.0	22.0	23.0	24.0	25.0	26.0	27.0	28.0	29.0	30.0	31.0	32.0	33.0	34.0	35.0
029-F0_S5_L003_R1_001_val_1	3.0	22.0	169.0	895.0	3179.0	7972.0	16786.0	34287.0	64940.0	112286.0	177675.0	257734.0	353168.0	466117.0	611953.0	840501.0	1313652.0	3029671.0	14344305.0
	8.0	9.0	10.0	11.0	12.0	13.0	14.0	15.0	16.0	17.0	18.0	19.0	20.0	21.0	22.0	23.0	24.0	25.0	26.0	27.0	28.0	29.0	30.0	31.0	32.0	33.0	34.0	35.0
029-F0_S5_L003_R2_001_val_2	1.0	0.0	1.0	5.0	10.0	28.0	148.0	875.0	2126.0	3711.0	5691.0	8812.0	14618.0	23564.0	36967.0	57994.0	89018.0	133525.0	189985.0	260480.0	342487.0	438851.0	558784.0	722084.0	981679.0	1512724.0	3243677.0	13007470.0
	17.0	18.0	19.0	20.0	21.0	22.0	23.0	24.0	25.0	26.0	27.0	28.0	29.0	30.0	31.0	32.0	33.0	34.0	35.0
029-F0_S5_L004_R1_001_val_1	1.0	20.0	187.0	866.0	2877.0	7130.0	15481.0	30993.0	59272.0	102529.0	160552.0	234931.0	321242.0	424156.0	558210.0	763759.0	1196109.0	2765101.0	13639310.0
	7.0	8.0	9.0	10.0	11.0	12.0	13.0	14.0	15.0	16.0	17.0	18.0	19.0	20.0	21.0	22.0	23.0	24.0	25.0	26.0	27.0	28.0	29.0	30.0	31.0	32.0	33.0	34.0	35.0
029-F0_S5_L004_R2_001_val_2	3.0	1.0	1.0	2.0	8.0	9.0	14.0	139.0	871.0	2222.0	4043.0	6546.0	10233.0	16639.0	26512.0	40542.0	61353.0	92491.0	133894.0	188737.0	253323.0	329827.0	420474.0	533367.0	689413.0	937141.0	1439125.0	3067249.0	12028547.0
	17.0	18.0	19.0	20.0	21.0	22.0	23.0	24.0	25.0	26.0	27.0	28.0	29.0	30.0	31.0	32.0	33.0	34.0	35.0
029-F5_S4_L001_R1_001_val_1	1.0	19.0	196.0	911.0	3249.0	9013.0	20234.0	41087.0	76804.0	132680.0	207432.0	300243.0	410590.0	540911.0	714520.0	990186.0	1573057.0	3682697.0	16717562.0
	4.0	5.0	6.0	7.0	8.0	9.0	10.0	11.0	12.0	13.0	14.0	15.0	16.0	17.0	18.0	19.0	20.0	21.0	22.0	23.0	24.0	25.0	26.0	27.0	28.0	29.0	30.0	31.0	32.0	33.0	34.0	35.0
029-F5_S4_L001_R2_001_val_2	2.0	5.0	13.0	21.0	23.0	18.0	37.0	32.0	68.0	93.0	329.0	1417.0	2770.0	4669.0	7126.0	10776.0	18090.0	29555.0	46212.0	72951.0	111168.0	165541.0	234894.0	318213.0	416231.0	534013.0	681110.0	882836.0	1208694.0	1872418.0	4001790.0	14800277.0
	17.0	18.0	19.0	20.0	21.0	22.0	23.0	24.0	25.0	26.0	27.0	28.0	29.0	30.0	31.0	32.0	33.0	34.0	35.0
029-F5_S4_L002_R1_001_val_1	1.0	17.0	123.0	848.0	3002.0	8281.0	18068.0	37419.0	70234.0	120706.0	190812.0	276115.0	378268.0	500744.0	664405.0	922147.0	1461909.0	3418911.0	16276479.0
	4.0	5.0	6.0	7.0	8.0	9.0	10.0	11.0	12.0	13.0	14.0	15.0	16.0	17.0	18.0	19.0	20.0	21.0	22.0	23.0	24.0	25.0	26.0	27.0	28.0	29.0	30.0	31.0	32.0	33.0	34.0	35.0
029-F5_S4_L002_R2_001_val_2	1.0	3.0	19.0	28.0	21.0	19.0	23.0	32.0	51.0	80.0	271.0	1223.0	3337.0	7186.0	13655.0	21219.0	31019.0	43555.0	60747.0	86174.0	122175.0	173811.0	237823.0	317623.0	410539.0	519214.0	657742.0	850981.0	1161015.0	1785663.0	3775013.0	14068227.0
	18.0	19.0	20.0	21.0	22.0	23.0	24.0	25.0	26.0	27.0	28.0	29.0	30.0	31.0	32.0	33.0	34.0	35.0
029-F5_S4_L003_R1_001_val_1	13.0	154.0	883.0	3253.0	8677.0	19418.0	40428.0	76408.0	131602.0	207755.0	301710.0	414083.0	549127.0	727119.0	1009062.0	1613568.0	3796581.0	16770024.0
	7.0	8.0	9.0	10.0	11.0	12.0	13.0	14.0	15.0	16.0	17.0	18.0	19.0	20.0	21.0	22.0	23.0	24.0	25.0	26.0	27.0	28.0	29.0	30.0	31.0	32.0	33.0	34.0	35.0
029-F5_S4_L003_R2_001_val_2	1.0	2.0	0.0	4.0	7.0	17.0	27.0	154.0	1014.0	2391.0	4163.0	6432.0	9942.0	16338.0	26750.0	42470.0	67012.0	104951.0	156507.0	224203.0	307268.0	406815.0	524701.0	671436.0	873675.0	1198163.0	1855670.0	3972906.0	15196846.0
	17.0	18.0	19.0	20.0	21.0	22.0	23.0	24.0	25.0	26.0	27.0	28.0	29.0	30.0	31.0	32.0	33.0	34.0	35.0
029-F5_S4_L004_R1_001_val_1	1.0	17.0	156.0	798.0	3021.0	7996.0	17903.0	36940.0	69732.0	120122.0	188623.0	275469.0	377827.0	501155.0	663774.0	924809.0	1476354.0	3487543.0	16033136.0
	5.0	6.0	7.0	8.0	9.0	10.0	11.0	12.0	13.0	14.0	15.0	16.0	17.0	18.0	19.0	20.0	21.0	22.0	23.0	24.0	25.0	26.0	27.0	28.0	29.0	30.0	31.0	32.0	33.0	34.0	35.0
029-F5_S4_L004_R2_001_val_2	1.0	0.0	1.0	1.0	0.0	5.0	7.0	15.0	15.0	147.0	1085.0	2708.0	5013.0	8732.0	13328.0	21490.0	33003.0	49820.0	74229.0	109959.0	160614.0	224707.0	304239.0	398012.0	508481.0	650367.0	844895.0	1158652.0	1792311.0	3796738.0	14026801.0
	17.0	18.0	19.0	20.0	21.0	22.0	23.0	24.0	25.0	26.0	27.0	28.0	29.0	30.0	31.0	32.0	33.0	34.0	35.0
030-F0_S1_L001_R1_001_val_1	2.0	26.0	195.0	1027.0	3607.0	8863.0	18139.0	34471.0	62693.0	105483.0	164080.0	239402.0	328856.0	438221.0	578661.0	789109.0	1196751.0	2533661.0	11282628.0
	14.0	15.0	16.0	17.0	18.0	19.0	20.0	21.0	22.0	23.0	24.0	25.0	26.0	27.0	28.0	29.0	30.0	31.0	32.0	33.0	34.0	35.0
030-F0_S1_L001_R2_001_val_2	151.0	850.0	2257.0	4175.0	6681.0	10382.0	16791.0	26024.0	39709.0	58253.0	85372.0	123919.0	172010.0	231805.0	302387.0	385064.0	488983.0	626432.0	837304.0	1249261.0	2544631.0	10573434.0
	17.0	18.0	19.0	20.0	21.0	22.0	23.0	24.0	25.0	26.0	27.0	28.0	29.0	30.0	31.0	32.0	33.0	34.0	35.0
030-F0_S1_L002_R1_001_val_1	3.0	21.0	181.0	1002.0	3483.0	8684.0	17441.0	32645.0	59460.0	99435.0	155650.0	224416.0	310190.0	413026.0	546539.0	746817.0	1135845.0	2410996.0	11092462.0
	14.0	15.0	16.0	17.0	18.0	19.0	20.0	21.0	22.0	23.0	24.0	25.0	26.0	27.0	28.0	29.0	30.0	31.0	32.0	33.0	34.0	35.0
030-F0_S1_L002_R2_001_val_2	191.0	1021.0	2471.0	4993.0	8530.0	13263.0	21008.0	31240.0	45039.0	64458.0	91915.0	128323.0	175405.0	232177.0	299537.0	379800.0	476524.0	608143.0	810990.0	1205153.0	2438452.0	10219663.0
	12.0	13.0	14.0	15.0	16.0	17.0	18.0	19.0	20.0	21.0	22.0	23.0	24.0	25.0	26.0	27.0	28.0	29.0	30.0	31.0	32.0	33.0	34.0	35.0
030-F0_S1_L003_R1_001_val_1	2.0	0.0	4.0	8.0	15.0	22.0	57.0	204.0	976.0	3345.0	8453.0	17451.0	33449.0	60885.0	102198.0	159064.0	232964.0	322132.0	430380.0	572082.0	781828.0	1192919.0	2547752.0	11286586.0
	14.0	15.0	16.0	17.0	18.0	19.0	20.0	21.0	22.0	23.0	24.0	25.0	26.0	27.0	28.0	29.0	30.0	31.0	32.0	33.0	34.0	35.0
030-F0_S1_L003_R2_001_val_2	160.0	923.0	2085.0	4086.0	6257.0	9611.0	15466.0	24909.0	37184.0	55886.0	83157.0	119997.0	168141.0	226734.0	296185.0	378674.0	483210.0	622228.0	837325.0	1250785.0	2551154.0	10578619.0
	13.0	14.0	15.0	16.0	17.0	18.0	19.0	20.0	21.0	22.0	23.0	24.0	25.0	26.0	27.0	28.0	29.0	30.0	31.0	32.0	33.0	34.0	35.0
030-F0_S1_L004_R1_001_val_1	1.0	0.0	2.0	9.0	30.0	63.0	237.0	1036.0	3332.0	8389.0	17128.0	32071.0	58203.0	97350.0	152906.0	222805.0	308166.0	411248.0	544429.0	745024.0	1135262.0	2428296.0	11351521.0
	14.0	15.0	16.0	17.0	18.0	19.0	20.0	21.0	22.0	23.0	24.0	25.0	26.0	27.0	28.0	29.0	30.0	31.0	32.0	33.0	34.0	35.0
030-F0_S1_L004_R2_001_val_2	193.0	992.0	2590.0	4847.0	8174.0	12936.0	20504.0	30764.0	45007.0	64291.0	92730.0	129989.0	177651.0	235107.0	303650.0	383536.0	484891.0	620456.0	827921.0	1235146.0	2513108.0	10323025.0
	17.0	18.0	19.0	20.0	21.0	22.0	23.0	24.0	25.0	26.0	27.0	28.0	29.0	30.0	31.0	32.0	33.0	34.0	35.0
030-F5_S6_L001_R1_001_val_1	3.0	14.0	77.0	452.0	1581.0	4025.0	8597.0	17533.0	32628.0	56350.0	88403.0	129397.0	179127.0	237894.0	314481.0	425033.0	638485.0	1339315.0	6550946.0
	14.0	15.0	16.0	17.0	18.0	19.0	20.0	21.0	22.0	23.0	24.0	25.0	26.0	27.0	28.0	29.0	30.0	31.0	32.0	33.0	34.0	35.0
030-F5_S6_L001_R2_001_val_2	85.0	478.0	1207.0	2338.0	3753.0	5660.0	8854.0	13377.0	20159.0	30164.0	44645.0	65348.0	92067.0	124668.0	164128.0	209180.0	265138.0	340142.0	452941.0	673880.0	1373478.0	6132651.0
	15.0	16.0	17.0	18.0	19.0	20.0	21.0	22.0	23.0	24.0	25.0	26.0	27.0	28.0	29.0	30.0	31.0	32.0	33.0	34.0	35.0
030-F5_S6_L002_R1_001_val_1	1.0	0.0	1.0	6.0	84.0	438.0	1500.0	3987.0	8158.0	16662.0	30673.0	52702.0	83211.0	122801.0	169414.0	224605.0	296062.0	402766.0	604965.0	1272056.0	6428360.0
	14.0	15.0	16.0	17.0	18.0	19.0	20.0	21.0	22.0	23.0	24.0	25.0	26.0	27.0	28.0	29.0	30.0	31.0	32.0	33.0	34.0	35.0
030-F5_S6_L002_R2_001_val_2	114.0	541.0	1358.0	2830.0	4999.0	7351.0	10993.0	16196.0	23132.0	33233.0	47148.0	67156.0	92764.0	123998.0	160880.0	204791.0	257784.0	328085.0	436073.0	644312.0	1305928.0	5948786.0
	14.0	15.0	16.0	17.0	18.0	19.0	20.0	21.0	22.0	23.0	24.0	25.0	26.0	27.0	28.0	29.0	30.0	31.0	32.0	33.0	34.0	35.0
030-F5_S6_L003_R1_001_val_1	4.0	6.0	7.0	10.0	38.0	104.0	415.0	1488.0	3880.0	8149.0	16542.0	31331.0	54143.0	86397.0	125739.0	174102.0	234728.0	309921.0	420875.0	634250.0	1337243.0	6576992.0
	14.0	15.0	16.0	17.0	18.0	19.0	20.0	21.0	22.0	23.0	24.0	25.0	26.0	27.0	28.0	29.0	30.0	31.0	32.0	33.0	34.0	35.0
030-F5_S6_L003_R2_001_val_2	67.0	510.0	1228.0	2295.0	3710.0	5402.0	8305.0	12799.0	19023.0	28331.0	42496.0	62595.0	89495.0	121816.0	160546.0	205393.0	261935.0	336458.0	450627.0	670419.0	1372693.0	6160221.0
	13.0	14.0	15.0	16.0	17.0	18.0	19.0	20.0	21.0	22.0	23.0	24.0	25.0	26.0	27.0	28.0	29.0	30.0	31.0	32.0	33.0	34.0	35.0
030-F5_S6_L004_R1_001_val_1	1.0	0.0	3.0	2.0	8.0	25.0	110.0	461.0	1437.0	3762.0	8240.0	15905.0	30150.0	51983.0	81950.0	119829.0	167134.0	222746.0	294986.0	402046.0	604691.0	1278409.0	6579440.0
	14.0	15.0	16.0	17.0	18.0	19.0	20.0	21.0	22.0	23.0	24.0	25.0	26.0	27.0	28.0	29.0	30.0	31.0	32.0	33.0	34.0	35.0
030-F5_S6_L004_R2_001_val_2	106.0	575.0	1373.0	2784.0	4563.0	6912.0	10702.0	16015.0	22905.0	33094.0	47376.0	67708.0	93681.0	125290.0	163355.0	206600.0	260903.0	333051.0	445223.0	659432.0	1347859.0	6013811.0
	17.0	18.0	19.0	20.0	21.0	22.0	23.0	24.0	25.0	26.0	27.0	28.0	29.0	30.0	31.0	32.0	33.0	34.0	35.0
032-F0_S5_L001_R1_001_val_1	2.0	34.0	240.0	1465.0	5209.0	13215.0	27588.0	54239.0	101554.0	175653.0	279394.0	412858.0	573347.0	766062.0	1013471.0	1390575.0	2134493.0	4640014.0	20718383.0
	14.0	15.0	16.0	17.0	18.0	19.0	20.0	21.0	22.0	23.0	24.0	25.0	26.0	27.0	28.0	29.0	30.0	31.0	32.0	33.0	34.0	35.0
032-F0_S5_L001_R2_001_val_2	150.0	878.0	2236.0	4480.0	7732.0	12642.0	22068.0	36578.0	57810.0	89012.0	135837.0	203964.0	293405.0	400754.0	530796.0	681923.0	871442.0	1125741.0	1525970.0	2330722.0	4870093.0	19103563.0
	15.0	16.0	17.0	18.0	19.0	20.0	21.0	22.0	23.0	24.0	25.0	26.0	27.0	28.0	29.0	30.0	31.0	32.0	33.0	34.0	35.0
032-F0_S5_L002_R1_001_val_1	1.0	1.0	4.0	32.0	300.0	1521.0	5221.0	13100.0	26936.0	51611.0	95342.0	164990.0	262676.0	388457.0	539744.0	721747.0	955947.0	1315537.0	2026707.0	4426092.0	20314028.0
	14.0	15.0	16.0	17.0	18.0	19.0	20.0	21.0	22.0	23.0	24.0	25.0	26.0	27.0	28.0	29.0	30.0	31.0	32.0	33.0	34.0	35.0
032-F0_S5_L002_R2_001_val_2	225.0	1132.0	2944.0	6200.0	11045.0	18233.0	29366.0	46095.0	68056.0	100044.0	145585.0	209385.0	293703.0	394934.0	516314.0	660904.0	838331.0	1084442.0	1462615.0	2219472.0	4617087.0	18583882.0
	14.0	15.0	16.0	17.0	18.0	19.0	20.0	21.0	22.0	23.0	24.0	25.0	26.0	27.0	28.0	29.0	30.0	31.0	32.0	33.0	34.0	35.0
032-F0_S5_L003_R1_001_val_1	3.0	18.0	16.0	61.0	89.0	326.0	1475.0	4851.0	12510.0	26387.0	51825.0	97358.0	168423.0	270739.0	398990.0	557987.0	750038.0	997594.0	1376358.0	2131086.0	4669155.0	20781816.0
	14.0	15.0	16.0	17.0	18.0	19.0	20.0	21.0	22.0	23.0	24.0	25.0	26.0	27.0	28.0	29.0	30.0	31.0	32.0	33.0	34.0	35.0
032-F0_S5_L003_R2_001_val_2	141.0	804.0	2224.0	4395.0	7303.0	11807.0	20555.0	34170.0	54161.0	84691.0	130236.0	196176.0	282580.0	390299.0	517944.0	671732.0	859291.0	1120356.0	1527857.0	2337232.0	4903321.0	19139830.0
	14.0	15.0	16.0	17.0	18.0	19.0	20.0	21.0	22.0	23.0	24.0	25.0	26.0	27.0	28.0	29.0	30.0	31.0	32.0	33.0	34.0	35.0
032-F0_S5_L004_R1_001_val_1	1.0	7.0	16.0	36.0	108.0	370.0	1580.0	4943.0	12344.0	25502.0	49963.0	93752.0	160790.0	256907.0	380806.0	532626.0	712832.0	949393.0	1307673.0	2024052.0	4457076.0	20818565.0
	14.0	15.0	16.0	17.0	18.0	19.0	20.0	21.0	22.0	23.0	24.0	25.0	26.0	27.0	28.0	29.0	30.0	31.0	32.0	33.0	34.0	35.0
032-F0_S5_L004_R2_001_val_2	227.0	1198.0	2964.0	6276.0	10971.0	17753.0	28618.0	44450.0	65969.0	98863.0	144822.0	210602.0	296241.0	399163.0	524145.0	669997.0	852686.0	1103464.0	1499012.0	2283217.0	4777029.0	18751675.0
	17.0	18.0	19.0	20.0	21.0	22.0	23.0	24.0	25.0	26.0	27.0	28.0	29.0	30.0	31.0	32.0	33.0	34.0	35.0
032-F5_S3_L001_R1_001_val_1	1.0	37.0	389.0	2073.0	7568.0	18850.0	38907.0	73726.0	137102.0	237787.0	378263.0	559483.0	777087.0	1034645.0	1371975.0	1888663.0	2915394.0	6401159.0	28284134.0
	14.0	15.0	16.0	17.0	18.0	19.0	20.0	21.0	22.0	23.0	24.0	25.0	26.0	27.0	28.0	29.0	30.0	31.0	32.0	33.0	34.0	35.0
032-F5_S3_L001_R2_001_val_2	154.0	1046.0	2861.0	5848.0	10202.0	16437.0	29276.0	49266.0	77772.0	119732.0	182576.0	271993.0	393420.0	540912.0	717124.0	922735.0	1182853.0	1532627.0	2076635.0	3181421.0	6707434.0	26104919.0
	17.0	18.0	19.0	20.0	21.0	22.0	23.0	24.0	25.0	26.0	27.0	28.0	29.0	30.0	31.0	32.0	33.0	34.0	35.0
032-F5_S3_L002_R1_001_val_1	2.0	50.0	381.0	2171.0	7594.0	18839.0	37371.0	70784.0	128963.0	223376.0	354418.0	526122.0	729319.0	976330.0	1293895.0	1780644.0	2761220.0	6096248.0	27880734.0
	14.0	15.0	16.0	17.0	18.0	19.0	20.0	21.0	22.0	23.0	24.0	25.0	26.0	27.0	28.0	29.0	30.0	31.0	32.0	33.0	34.0	35.0
032-F5_S3_L002_R2_001_val_2	292.0	1542.0	4006.0	8302.0	15272.0	24770.0	41461.0	63605.0	95142.0	137115.0	199379.0	285969.0	402378.0	542412.0	709807.0	906731.0	1151136.0	1483378.0	2007464.0	3057990.0	6410958.0	25339352.0
	13.0	14.0	15.0	16.0	17.0	18.0	19.0	20.0	21.0	22.0	23.0	24.0	25.0	26.0	27.0	28.0	29.0	30.0	31.0	32.0	33.0	34.0	35.0
032-F5_S3_L003_R1_001_val_1	3.0	11.0	20.0	34.0	64.0	154.0	495.0	2090.0	7216.0	17941.0	37235.0	70737.0	132062.0	228394.0	364143.0	540681.0	754248.0	1011839.0	1348076.0	1862957.0	2900980.0	6426455.0	28446171.0
	14.0	15.0	16.0	17.0	18.0	19.0	20.0	21.0	22.0	23.0	24.0	25.0	26.0	27.0	28.0	29.0	30.0	31.0	32.0	33.0	34.0	35.0
032-F5_S3_L003_R2_001_val_2	166.0	977.0	2678.0	5542.0	9381.0	15443.0	27037.0	46134.0	72855.0	113486.0	174990.0	263143.0	379867.0	525836.0	701673.0	908628.0	1167852.0	1521300.0	2080550.0	3200247.0	6771433.0	26162788.0
	14.0	15.0	16.0	17.0	18.0	19.0	20.0	21.0	22.0	23.0	24.0	25.0	26.0	27.0	28.0	29.0	30.0	31.0	32.0	33.0	34.0	35.0
032-F5_S3_L004_R1_001_val_1	1.0	9.0	26.0	39.0	128.0	524.0	2133.0	7012.0	17889.0	35423.0	67654.0	125448.0	216375.0	346227.0	513498.0	718015.0	964046.0	1282351.0	1771453.0	2754555.0	6135358.0	28550859.0
	14.0	15.0	16.0	17.0	18.0	19.0	20.0	21.0	22.0	23.0	24.0	25.0	26.0	27.0	28.0	29.0	30.0	31.0	32.0	33.0	34.0	35.0
032-F5_S3_L004_R2_001_val_2	267.0	1453.0	3885.0	8336.0	14745.0	23488.0	38770.0	61230.0	92342.0	135526.0	198565.0	285632.0	401850.0	545001.0	713186.0	912265.0	1164762.0	1509856.0	2051625.0	3149366.0	6637021.0	25559852.0
	17.0	18.0	19.0	20.0	21.0	22.0	23.0	24.0	25.0	26.0	27.0	28.0	29.0	30.0	31.0	32.0	33.0	34.0	35.0
040-F0_S2_L001_R1_001_val_1	1.0	10.0	82.0	487.0	1734.0	4722.0	10424.0	21555.0	41292.0	72723.0	115917.0	171459.0	238411.0	317509.0	420270.0	575942.0	873172.0	1866506.0	8818351.0
	14.0	15.0	16.0	17.0	18.0	19.0	20.0	21.0	22.0	23.0	24.0	25.0	26.0	27.0	28.0	29.0	30.0	31.0	32.0	33.0	34.0	35.0
040-F0_S2_L001_R2_001_val_2	85.0	488.0	1287.0	2344.0	3919.0	6019.0	9653.0	15241.0	23401.0	36119.0	55547.0	83532.0	119536.0	165495.0	218344.0	281581.0	359111.0	464388.0	626484.0	945391.0	1959835.0	8172767.0
	17.0	18.0	19.0	20.0	21.0	22.0	23.0	24.0	25.0	26.0	27.0	28.0	29.0	30.0	31.0	32.0	33.0	34.0	35.0
040-F0_S2_L002_R1_001_val_1	1.0	9.0	99.0	549.0	1828.0	4582.0	9902.0	20456.0	39099.0	67699.0	108676.0	160508.0	223583.0	299117.0	394955.0	541913.0	825034.0	1771373.0	8645625.0
	14.0	15.0	16.0	17.0	18.0	19.0	20.0	21.0	22.0	23.0	24.0	25.0	26.0	27.0	28.0	29.0	30.0	31.0	32.0	33.0	34.0	35.0
040-F0_S2_L002_R2_001_val_2	112.0	628.0	1459.0	3036.0	5025.0	7730.0	12229.0	17987.0	26586.0	39328.0	57871.0	84824.0	119446.0	161423.0	210773.0	270145.0	342869.0	441664.0	592359.0	890897.0	1844080.0	7984537.0
	13.0	14.0	15.0	16.0	17.0	18.0	19.0	20.0	21.0	22.0	23.0	24.0	25.0	26.0	27.0	28.0	29.0	30.0	31.0	32.0	33.0	34.0	35.0
040-F0_S2_L003_R1_001_val_1	2.0	2.0	7.0	6.0	20.0	26.0	114.0	514.0	1767.0	4420.0	10271.0	20662.0	40110.0	70635.0	112767.0	166759.0	232693.0	309990.0	413930.0	567836.0	868640.0	1869350.0	8879030.0
	14.0	15.0	16.0	17.0	18.0	19.0	20.0	21.0	22.0	23.0	24.0	25.0	26.0	27.0	28.0	29.0	30.0	31.0	32.0	33.0	34.0	35.0
040-F0_S2_L003_R2_001_val_2	76.0	523.0	1259.0	2276.0	3851.0	5664.0	9378.0	14353.0	22260.0	34716.0	53654.0	80969.0	117458.0	161261.0	215346.0	277253.0	354857.0	461517.0	624987.0	947943.0	1973442.0	8206508.0
	15.0	16.0	17.0	18.0	19.0	20.0	21.0	22.0	23.0	24.0	25.0	26.0	27.0	28.0	29.0	30.0	31.0	32.0	33.0	34.0	35.0
040-F0_S2_L004_R1_001_val_1	2.0	4.0	11.0	45.0	158.0	561.0	1796.0	4480.0	9827.0	19734.0	38284.0	67194.0	107164.0	159301.0	220544.0	296041.0	393039.0	540433.0	826302.0	1784796.0	8849385.0
	14.0	15.0	16.0	17.0	18.0	19.0	20.0	21.0	22.0	23.0	24.0	25.0	26.0	27.0	28.0	29.0	30.0	31.0	32.0	33.0	34.0	35.0
040-F0_S2_L004_R2_001_val_2	112.0	634.0	1590.0	3005.0	5052.0	7749.0	12029.0	17715.0	26460.0	39479.0	58477.0	85343.0	120835.0	162886.0	213777.0	274149.0	348750.0	450456.0	606970.0	919651.0	1907452.0	8056530.0
	17.0	18.0	19.0	20.0	21.0	22.0	23.0	24.0	25.0	26.0	27.0	28.0	29.0	30.0	31.0	32.0	33.0	34.0	35.0
040-F5_S4_L001_R1_001_val_1	2.0	22.0	133.0	676.0	2740.0	7026.0	15527.0	31263.0	59227.0	102667.0	161684.0	238897.0	331275.0	441622.0	584864.0	803284.0	1228338.0	2661087.0	12156456.0
	14.0	15.0	16.0	17.0	18.0	19.0	20.0	21.0	22.0	23.0	24.0	25.0	26.0	27.0	28.0	29.0	30.0	31.0	32.0	33.0	34.0	35.0
040-F5_S4_L001_R2_001_val_2	96.0	655.0	1700.0	3192.0	5420.0	8465.0	13830.0	21798.0	33707.0	51238.0	77774.0	115908.0	165533.0	227415.0	300650.0	388266.0	494327.0	639615.0	865250.0	1312908.0	2746792.0	11352251.0
	16.0	17.0	18.0	19.0	20.0	21.0	22.0	23.0	24.0	25.0	26.0	27.0	28.0	29.0	30.0	31.0	32.0	33.0	34.0	35.0
040-F5_S4_L002_R1_001_val_1	1.0	0.0	16.0	139.0	748.0	2616.0	6926.0	14852.0	29365.0	55331.0	95825.0	152258.0	223199.0	311025.0	415147.0	549814.0	756513.0	1158862.0	2529493.0	11962251.0
	14.0	15.0	16.0	17.0	18.0	19.0	20.0	21.0	22.0	23.0	24.0	25.0	26.0	27.0	28.0	29.0	30.0	31.0	32.0	33.0	34.0	35.0
040-F5_S4_L002_R2_001_val_2	138.0	829.0	2086.0	4372.0	7728.0	11910.0	18602.0	27932.0	40255.0	58374.0	84649.0	122222.0	170115.0	228351.0	297708.0	379993.0	482112.0	621599.0	837318.0	1262524.0	2632994.0	10972570.0
	14.0	15.0	16.0	17.0	18.0	19.0	20.0	21.0	22.0	23.0	24.0	25.0	26.0	27.0	28.0	29.0	30.0	31.0	32.0	33.0	34.0	35.0
040-F5_S4_L003_R1_001_val_1	1.0	12.0	19.0	29.0	60.0	165.0	767.0	2522.0	6768.0	14610.0	30040.0	56883.0	98614.0	157090.0	232181.0	322631.0	431797.0	576352.0	793429.0	1223243.0	2676272.0	12196963.0
	14.0	15.0	16.0	17.0	18.0	19.0	20.0	21.0	22.0	23.0	24.0	25.0	26.0	27.0	28.0	29.0	30.0	31.0	32.0	33.0	34.0	35.0
040-F5_S4_L003_R2_001_val_2	94.0	595.0	1574.0	3176.0	4997.0	7863.0	12622.0	20311.0	31818.0	48578.0	74463.0	111677.0	160496.0	221811.0	293984.0	379943.0	490837.0	636315.0	863695.0	1315776.0	2764947.0	11374876.0
	15.0	16.0	17.0	18.0	19.0	20.0	21.0	22.0	23.0	24.0	25.0	26.0	27.0	28.0	29.0	30.0	31.0	32.0	33.0	34.0	35.0
040-F5_S4_L004_R1_001_val_1	2.0	5.0	15.0	48.0	199.0	791.0	2564.0	6678.0	14399.0	28949.0	54195.0	93683.0	148924.0	219886.0	306633.0	410614.0	546856.0	753356.0	1159716.0	2548937.0	12240411.0
	14.0	15.0	16.0	17.0	18.0	19.0	20.0	21.0	22.0	23.0	24.0	25.0	26.0	27.0	28.0	29.0	30.0	31.0	32.0	33.0	34.0	35.0
040-F5_S4_L004_R2_001_val_2	130.0	817.0	2049.0	4078.0	7195.0	11356.0	17800.0	27225.0	39911.0	58319.0	84777.0	121919.0	170344.0	229503.0	300703.0	383522.0	488016.0	632596.0	853462.0	1298803.0	2718278.0	11086058.0
	15.0	16.0	17.0	18.0	19.0	20.0	21.0	22.0	23.0	24.0	25.0	26.0	27.0	28.0	29.0	30.0	31.0	32.0	33.0	34.0	35.0
KS25_S6_L001_R1_001_val_1	1.0	7.0	9.0	29.0	168.0	573.0	1836.0	4834.0	10366.0	21014.0	39183.0	67607.0	105563.0	153380.0	210386.0	279325.0	371681.0	512454.0	803380.0	1837135.0	10286928.0
	14.0	15.0	16.0	17.0	18.0	19.0	20.0	21.0	22.0	23.0	24.0	25.0	26.0	27.0	28.0	29.0	30.0	31.0	32.0	33.0	34.0	35.0
KS25_S6_L001_R2_001_val_2	132.0	677.0	1584.0	2846.0	4335.0	6490.0	10541.0	16431.0	25249.0	37350.0	56056.0	81517.0	114183.0	153733.0	202906.0	257755.0	326772.0	422349.0	574563.0	881995.0	1904979.0	9623416.0
	14.0	15.0	16.0	17.0	18.0	19.0	20.0	21.0	22.0	23.0	24.0	25.0	26.0	27.0	28.0	29.0	30.0	31.0	32.0	33.0	34.0	35.0
KS25_S6_L002_R1_001_val_1	1.0	2.0	3.0	9.0	33.0	118.0	511.0	1802.0	4639.0	10038.0	20093.0	37972.0	64704.0	101728.0	148646.0	204299.0	272349.0	360872.0	499933.0	788354.0	1800383.0	10087766.0
	13.0	14.0	15.0	16.0	17.0	18.0	19.0	20.0	21.0	22.0	23.0	24.0	25.0	26.0	27.0	28.0	29.0	30.0	31.0	32.0	33.0	34.0	35.0
KS25_S6_L002_R2_001_val_2	1.0	229.0	892.0	1965.0	3718.0	6307.0	9329.0	14588.0	21190.0	30230.0	43062.0	60964.0	86706.0	119635.0	159394.0	205652.0	260978.0	331262.0	424647.0	577132.0	881529.0	1893951.0	9270894.0
	15.0	16.0	17.0	18.0	19.0	20.0	21.0	22.0	23.0	24.0	25.0	26.0	27.0	28.0	29.0	30.0	31.0	32.0	33.0	34.0	35.0
KS25_S6_L003_R1_001_val_1	1.0	2.0	5.0	24.0	122.0	520.0	1787.0	4652.0	10187.0	20881.0	38975.0	66607.0	105183.0	154066.0	211313.0	281943.0	376613.0	520782.0	824571.0	1891982.0	10079135.0
	14.0	15.0	16.0	17.0	18.0	19.0	20.0	21.0	22.0	23.0	24.0	25.0	26.0	27.0	28.0	29.0	30.0	31.0	32.0	33.0	34.0	35.0
KS25_S6_L003_R2_001_val_2	171.0	835.0	1803.0	3005.0	4681.0	6786.0	10878.0	16728.0	25450.0	38389.0	56687.0	82320.0	115356.0	157095.0	204608.0	261979.0	333282.0	429740.0	583118.0	892977.0	1912252.0	9451211.0
	16.0	17.0	18.0	19.0	20.0	21.0	22.0	23.0	24.0	25.0	26.0	27.0	28.0	29.0	30.0	31.0	32.0	33.0	34.0	35.0
KS25_S6_L004_R1_001_val_1	4.0	15.0	37.0	141.0	624.0	1937.0	4815.0	10631.0	20911.0	39101.0	66955.0	105323.0	154002.0	212122.0	282161.0	377857.0	523237.0	828884.0	1901650.0	10027892.0
	14.0	15.0	16.0	17.0	18.0	19.0	20.0	21.0	22.0	23.0	24.0	25.0	26.0	27.0	28.0	29.0	30.0	31.0	32.0	33.0	34.0	35.0
KS25_S6_L004_R2_001_val_2	189.0	910.0	2255.0	3646.0	5881.0	9063.0	14167.0	21582.0	32089.0	46053.0	65580.0	92631.0	126856.0	168517.0	217642.0	275795.0	350217.0	451464.0	613946.0	941644.0	2012947.0	9105225.0
	15.0	16.0	17.0	18.0	19.0	20.0	21.0	22.0	23.0	24.0	25.0	26.0	27.0	28.0	29.0	30.0	31.0	32.0	33.0	34.0	35.0
KS26_S5_L001_R1_001_val_1	3.0	5.0	14.0	50.0	197.0	728.0	2363.0	6020.0	13254.0	26653.0	50181.0	87686.0	137915.0	199979.0	276163.0	366822.0	485435.0	670174.0	1053405.0	2435018.0	14919150.0
	14.0	15.0	16.0	17.0	18.0	19.0	20.0	21.0	22.0	23.0	24.0	25.0	26.0	27.0	28.0	29.0	30.0	31.0	32.0	33.0	34.0	35.0
KS26_S5_L001_R2_001_val_2	62.0	428.0	1077.0	2211.0	3968.0	6268.0	11043.0	17954.0	28568.0	44756.0	68968.0	102734.0	146222.0	199369.0	262031.0	335682.0	425329.0	551464.0	754779.0	1177379.0	2627693.0	13963230.0
	14.0	15.0	16.0	17.0	18.0	19.0	20.0	21.0	22.0	23.0	24.0	25.0	26.0	27.0	28.0	29.0	30.0	31.0	32.0	33.0	34.0	35.0
KS26_S5_L002_R1_001_val_1	1.0	1.0	6.0	12.0	44.0	139.0	714.0	2319.0	6101.0	12768.0	25470.0	48340.0	83880.0	132346.0	193229.0	266241.0	355033.0	471456.0	652745.0	1030315.0	2388058.0	14734572.0
	14.0	15.0	16.0	17.0	18.0	19.0	20.0	21.0	22.0	23.0	24.0	25.0	26.0	27.0	28.0	29.0	30.0	31.0	32.0	33.0	34.0	35.0
KS26_S5_L002_R2_001_val_2	103.0	616.0	1703.0	3334.0	6005.0	9488.0	15583.0	23507.0	35254.0	51781.0	75937.0	108781.0	152819.0	204909.0	266763.0	339175.0	429088.0	554198.0	756496.0	1178404.0	2628443.0	13561403.0
	14.0	15.0	16.0	17.0	18.0	19.0	20.0	21.0	22.0	23.0	24.0	25.0	26.0	27.0	28.0	29.0	30.0	31.0	32.0	33.0	34.0	35.0
KS26_S5_L003_R1_001_val_1	1.0	0.0	1.0	10.0	38.0	130.0	660.0	2376.0	6043.0	13046.0	26512.0	49938.0	86122.0	136959.0	200156.0	275646.0	368194.0	488483.0	679060.0	1075723.0	2501629.0	14744501.0
	14.0	15.0	16.0	17.0	18.0	19.0	20.0	21.0	22.0	23.0	24.0	25.0	26.0	27.0	28.0	29.0	30.0	31.0	32.0	33.0	34.0	35.0
KS26_S5_L003_R2_001_val_2	86.0	510.0	1370.0	2566.0	4269.0	6941.0	11427.0	18934.0	29752.0	46142.0	71060.0	104678.0	147410.0	201782.0	264820.0	339575.0	431367.0	558548.0	763454.0	1191587.0	2641185.0	13817765.0
	15.0	16.0	17.0	18.0	19.0	20.0	21.0	22.0	23.0	24.0	25.0	26.0	27.0	28.0	29.0	30.0	31.0	32.0	33.0	34.0	35.0
KS26_S5_L004_R1_001_val_1	1.0	7.0	21.0	58.0	187.0	772.0	2447.0	6225.0	13287.0	26527.0	50287.0	86989.0	136905.0	200661.0	276901.0	369073.0	491745.0	682945.0	1085742.0	2520347.0	14732765.0
	14.0	15.0	16.0	17.0	18.0	19.0	20.0	21.0	22.0	23.0	24.0	25.0	26.0	27.0	28.0	29.0	30.0	31.0	32.0	33.0	34.0	35.0
KS26_S5_L004_R2_001_val_2	100.0	699.0	1719.0	3418.0	5811.0	9349.0	15221.0	24190.0	36780.0	55083.0	80834.0	116349.0	161150.0	216299.0	280493.0	359195.0	454850.0	590626.0	811313.0	1270634.0	2813549.0	13376230.0
	15.0	16.0	17.0	18.0	19.0	20.0	21.0	22.0	23.0	24.0	25.0	26.0	27.0	28.0	29.0	30.0	31.0	32.0	33.0	34.0	35.0
KS27_S1_L001_R1_001_val_1	4.0	4.0	14.0	48.0	213.0	691.0	2234.0	5856.0	12872.0	26392.0	50093.0	86067.0	136850.0	200621.0	278611.0	371831.0	494598.0	686907.0	1083266.0	2491603.0	14111275.0
	14.0	15.0	16.0	17.0	18.0	19.0	20.0	21.0	22.0	23.0	24.0	25.0	26.0	27.0	28.0	29.0	30.0	31.0	32.0	33.0	34.0	35.0
KS27_S1_L001_R2_001_val_2	160.0	844.0	1871.0	3374.0	5533.0	8161.0	13309.0	20574.0	31941.0	48789.0	73129.0	107209.0	151466.0	206810.0	272326.0	349423.0	448069.0	585155.0	806049.0	1257258.0	2761253.0	12887347.0
	15.0	16.0	17.0	18.0	19.0	20.0	21.0	22.0	23.0	24.0	25.0	26.0	27.0	28.0	29.0	30.0	31.0	32.0	33.0	34.0	35.0
KS27_S1_L002_R1_001_val_1	2.0	2.0	11.0	36.0	141.0	620.0	2289.0	5811.0	12250.0	25194.0	47909.0	83152.0	132145.0	194115.0	269243.0	360211.0	482027.0	671127.0	1062546.0	2455556.0	13822463.0
	14.0	15.0	16.0	17.0	18.0	19.0	20.0	21.0	22.0	23.0	24.0	25.0	26.0	27.0	28.0	29.0	30.0	31.0	32.0	33.0	34.0	35.0
KS27_S1_L002_R2_001_val_2	269.0	1176.0	2445.0	4551.0	7534.0	11258.0	18115.0	26786.0	39129.0	56014.0	79855.0	113894.0	157939.0	212539.0	276177.0	353969.0	451628.0	588724.0	809637.0	1261715.0	2742213.0	12411283.0
	15.0	16.0	17.0	18.0	19.0	20.0	21.0	22.0	23.0	24.0	25.0	26.0	27.0	28.0	29.0	30.0	31.0	32.0	33.0	34.0	35.0
KS27_S1_L003_R1_001_val_1	1.0	2.0	8.0	26.0	129.0	578.0	2251.0	5685.0	12766.0	26017.0	49193.0	85407.0	136030.0	200696.0	278814.0	374066.0	500165.0	698835.0	1111170.0	2575448.0	13847484.0
	14.0	15.0	16.0	17.0	18.0	19.0	20.0	21.0	22.0	23.0	24.0	25.0	26.0	27.0	28.0	29.0	30.0	31.0	32.0	33.0	34.0	35.0
KS27_S1_L003_R2_001_val_2	232.0	994.0	2246.0	3932.0	6134.0	8936.0	14200.0	22171.0	32582.0	49868.0	74493.0	108871.0	155114.0	210338.0	277465.0	356632.0	457595.0	598287.0	823485.0	1292154.0	2796275.0	12612767.0
	14.0	15.0	16.0	17.0	18.0	19.0	20.0	21.0	22.0	23.0	24.0	25.0	26.0	27.0	28.0	29.0	30.0	31.0	32.0	33.0	34.0	35.0
KS27_S1_L004_R1_001_val_1	2.0	0.0	8.0	20.0	50.0	188.0	672.0	2365.0	5861.0	12733.0	25825.0	49137.0	85925.0	135946.0	201201.0	279985.0	376033.0	502572.0	702365.0	1119813.0	2593205.0	13797758.0
	14.0	15.0	16.0	17.0	18.0	19.0	20.0	21.0	22.0	23.0	24.0	25.0	26.0	27.0	28.0	29.0	30.0	31.0	32.0	33.0	34.0	35.0
KS27_S1_L004_R2_001_val_2	228.0	1082.0	2605.0	4719.0	7309.0	10898.0	17507.0	27374.0	40585.0	59545.0	86148.0	122395.0	169255.0	227314.0	296145.0	378937.0	484718.0	632233.0	872172.0	1362069.0	2938504.0	12149922.0
	15.0	16.0	17.0	18.0	19.0	20.0	21.0	22.0	23.0	24.0	25.0	26.0	27.0	28.0	29.0	30.0	31.0	32.0	33.0	34.0	35.0
KS28_S3_L001_R1_001_val_1	3.0	4.0	11.0	54.0	246.0	840.0	2554.0	6376.0	14097.0	28878.0	55504.0	97514.0	155405.0	228069.0	317437.0	424668.0	563260.0	782204.0	1233632.0	2851844.0	16807401.0
	14.0	15.0	16.0	17.0	18.0	19.0	20.0	21.0	22.0	23.0	24.0	25.0	26.0	27.0	28.0	29.0	30.0	31.0	32.0	33.0	34.0	35.0
KS28_S3_L001_R2_001_val_2	122.0	706.0	1625.0	3239.0	5130.0	8146.0	13319.0	21444.0	33462.0	51932.0	79132.0	118203.0	168580.0	231830.0	305834.0	394805.0	506475.0	662267.0	916181.0	1442199.0	3216290.0	15389080.0
	15.0	16.0	17.0	18.0	19.0	20.0	21.0	22.0	23.0	24.0	25.0	26.0	27.0	28.0	29.0	30.0	31.0	32.0	33.0	34.0	35.0
KS28_S3_L002_R1_001_val_1	1.0	6.0	16.0	35.0	166.0	766.0	2511.0	6283.0	13624.0	27809.0	53649.0	92714.0	148346.0	220266.0	306922.0	411299.0	547995.0	762671.0	1206836.0	2796135.0	16512820.0
	14.0	15.0	16.0	17.0	18.0	19.0	20.0	21.0	22.0	23.0	24.0	25.0	26.0	27.0	28.0	29.0	30.0	31.0	32.0	33.0	34.0	35.0
KS28_S3_L002_R2_001_val_2	221.0	1038.0	2454.0	4926.0	7962.0	12195.0	19381.0	28718.0	41709.0	60039.0	88421.0	126170.0	176936.0	238844.0	313872.0	401118.0	512528.0	667961.0	921251.0	1448252.0	3214066.0	14822808.0
	14.0	15.0	16.0	17.0	18.0	19.0	20.0	21.0	22.0	23.0	24.0	25.0	26.0	27.0	28.0	29.0	30.0	31.0	32.0	33.0	34.0	35.0
KS28_S3_L003_R1_001_val_1	1.0	1.0	1.0	4.0	35.0	146.0	692.0	2446.0	6380.0	13999.0	28627.0	55023.0	96194.0	154043.0	227265.0	317900.0	427095.0	570206.0	795983.0	1265423.0	2942963.0	16568699.0
	14.0	15.0	16.0	17.0	18.0	19.0	20.0	21.0	22.0	23.0	24.0	25.0	26.0	27.0	28.0	29.0	30.0	31.0	32.0	33.0	34.0	35.0
KS28_S3_L003_R2_001_val_2	164.0	841.0	2026.0	3607.0	6013.0	8868.0	14457.0	22519.0	35084.0	53336.0	80764.0	120070.0	171192.0	234685.0	311077.0	401143.0	516219.0	675614.0	933254.0	1469651.0	3245276.0	15167266.0
	13.0	14.0	15.0	16.0	17.0	18.0	19.0	20.0	21.0	22.0	23.0	24.0	25.0	26.0	27.0	28.0	29.0	30.0	31.0	32.0	33.0	34.0	35.0
KS28_S3_L004_R1_001_val_1	1.0	0.0	3.0	7.0	23.0	60.0	192.0	812.0	2656.0	6485.0	14179.0	28626.0	54774.0	96406.0	153725.0	228062.0	316566.0	426410.0	571331.0	799976.0	1270946.0	2960562.0	16471183.0
	14.0	15.0	16.0	17.0	18.0	19.0	20.0	21.0	22.0	23.0	24.0	25.0	26.0	27.0	28.0	29.0	30.0	31.0	32.0	33.0	34.0	35.0
KS28_S3_L004_R2_001_val_2	208.0	1013.0	2532.0	4809.0	7325.0	11505.0	18604.0	28729.0	43231.0	64127.0	92894.0	133868.0	186997.0	252940.0	330668.0	425556.0	545324.0	713624.0	990754.0	1562902.0	3441127.0	14544248.0
	15.0	16.0	17.0	18.0	19.0	20.0	21.0	22.0	23.0	24.0	25.0	26.0	27.0	28.0	29.0	30.0	31.0	32.0	33.0	34.0	35.0
KS29_S2_L001_R1_001_val_1	1.0	4.0	7.0	35.0	181.0	720.0	2111.0	5349.0	11592.0	24389.0	46528.0	81692.0	129315.0	189941.0	263464.0	352375.0	466810.0	645173.0	1009135.0	2333715.0	14314117.0
	14.0	15.0	16.0	17.0	18.0	19.0	20.0	21.0	22.0	23.0	24.0	25.0	26.0	27.0	28.0	29.0	30.0	31.0	32.0	33.0	34.0	35.0
KS29_S2_L001_R2_001_val_2	92.0	554.0	1397.0	2568.0	4308.0	6536.0	10744.0	16884.0	26860.0	41805.0	63656.0	95708.0	137223.0	187563.0	247318.0	321471.0	410610.0	533463.0	737125.0	1151750.0	2579087.0	13299932.0
	16.0	17.0	18.0	19.0	20.0	21.0	22.0	23.0	24.0	25.0	26.0	27.0	28.0	29.0	30.0	31.0	32.0	33.0	34.0	35.0
KS29_S2_L002_R1_001_val_1	4.0	13.0	35.0	141.0	574.0	2056.0	5299.0	11352.0	23082.0	44503.0	78400.0	124287.0	182532.0	254212.0	339348.0	450756.0	624241.0	984462.0	2274686.0	14064084.0
	14.0	15.0	16.0	17.0	18.0	19.0	20.0	21.0	22.0	23.0	24.0	25.0	26.0	27.0	28.0	29.0	30.0	31.0	32.0	33.0	34.0	35.0
KS29_S2_L002_R2_001_val_2	184.0	823.0	1936.0	3646.0	6009.0	9140.0	14737.0	22283.0	32601.0	47318.0	69532.0	101076.0	141790.0	191200.0	249846.0	319778.0	408217.0	529740.0	729403.0	1139325.0	2543774.0	12901709.0
	14.0	15.0	16.0	17.0	18.0	19.0	20.0	21.0	22.0	23.0	24.0	25.0	26.0	27.0	28.0	29.0	30.0	31.0	32.0	33.0	34.0	35.0
KS29_S2_L003_R1_001_val_1	1.0	2.0	1.0	3.0	32.0	144.0	615.0	2067.0	5215.0	11561.0	23928.0	46107.0	80330.0	128088.0	190022.0	263299.0	351677.0	470023.0	653139.0	1031309.0	2399540.0	14147538.0
	14.0	15.0	16.0	17.0	18.0	19.0	20.0	21.0	22.0	23.0	24.0	25.0	26.0	27.0	28.0	29.0	30.0	31.0	32.0	33.0	34.0	35.0
KS29_S2_L003_R2_001_val_2	125.0	665.0	1589.0	3054.0	4814.0	7276.0	11746.0	18336.0	27803.0	42624.0	64417.0	97344.0	139040.0	191031.0	251947.0	323866.0	417013.0	543490.0	748426.0	1173310.0	2604731.0	13131994.0
	14.0	15.0	16.0	17.0	18.0	19.0	20.0	21.0	22.0	23.0	24.0	25.0	26.0	27.0	28.0	29.0	30.0	31.0	32.0	33.0	34.0	35.0
KS29_S2_L004_R1_001_val_1	1.0	2.0	9.0	16.0	54.0	153.0	647.0	2231.0	5338.0	11731.0	23821.0	46145.0	80511.0	129037.0	190442.0	263668.0	352417.0	470968.0	654118.0	1038424.0	2408286.0	14085734.0
	14.0	15.0	16.0	17.0	18.0	19.0	20.0	21.0	22.0	23.0	24.0	25.0	26.0	27.0	28.0	29.0	30.0	31.0	32.0	33.0	34.0	35.0
KS29_S2_L004_R2_001_val_2	148.0	872.0	2001.0	3746.0	6055.0	8975.0	14458.0	22692.0	34171.0	50628.0	74510.0	107857.0	150530.0	203793.0	267291.0	341870.0	438857.0	569163.0	788061.0	1239267.0	2744471.0	12694337.0
	14.0	15.0	16.0	17.0	18.0	19.0	20.0	21.0	22.0	23.0	24.0	25.0	26.0	27.0	28.0	29.0	30.0	31.0	32.0	33.0	34.0	35.0
KS30_S4_L001_R1_001_val_1	1.0	3.0	5.0	20.0	61.0	255.0	928.0	3015.0	7716.0	16809.0	33980.0	62868.0	108870.0	171200.0	250736.0	345099.0	460524.0	613010.0	849301.0	1344624.0	3127845.0	17930522.0
	14.0	15.0	16.0	17.0	18.0	19.0	20.0	21.0	22.0	23.0	24.0	25.0	26.0	27.0	28.0	29.0	30.0	31.0	32.0	33.0	34.0	35.0
KS30_S4_L001_R2_001_val_2	133.0	692.0	1849.0	3513.0	5785.0	9234.0	15302.0	24603.0	38260.0	58332.0	87726.0	129079.0	183744.0	250518.0	330835.0	424935.0	544995.0	712414.0	981716.0	1546191.0	3425277.0	16552259.0
	15.0	16.0	17.0	18.0	19.0	20.0	21.0	22.0	23.0	24.0	25.0	26.0	27.0	28.0	29.0	30.0	31.0	32.0	33.0	34.0	35.0
KS30_S4_L002_R1_001_val_1	5.0	5.0	11.0	46.0	197.0	897.0	3034.0	7552.0	16256.0	32022.0	60129.0	103990.0	165067.0	241251.0	333832.0	444758.0	593558.0	824750.0	1314626.0	3066775.0	17613583.0
	14.0	15.0	16.0	17.0	18.0	19.0	20.0	21.0	22.0	23.0	24.0	25.0	26.0	27.0	28.0	29.0	30.0	31.0	32.0	33.0	34.0	35.0
KS30_S4_L002_R2_001_val_2	276.0	1132.0	2735.0	5334.0	9343.0	14360.0	22295.0	32751.0	47365.0	68013.0	97385.0	138854.0	193029.0	258734.0	337816.0	431961.0	548242.0	716360.0	986781.0	1548407.0	3417533.0	15943638.0
	15.0	16.0	17.0	18.0	19.0	20.0	21.0	22.0	23.0	24.0	25.0	26.0	27.0	28.0	29.0	30.0	31.0	32.0	33.0	34.0	35.0
KS30_S4_L003_R1_001_val_1	2.0	2.0	7.0	35.0	191.0	837.0	3002.0	7649.0	16480.0	33440.0	62817.0	108050.0	170506.0	250269.0	346000.0	462078.0	617196.0	864479.0	1381184.0	3230618.0	17615693.0
	14.0	15.0	16.0	17.0	18.0	19.0	20.0	21.0	22.0	23.0	24.0	25.0	26.0	27.0	28.0	29.0	30.0	31.0	32.0	33.0	34.0	35.0
KS30_S4_L003_R2_001_val_2	192.0	947.0	2170.0	3959.0	6475.0	9721.0	15850.0	25449.0	39138.0	59478.0	89674.0	131745.0	184826.0	253905.0	334504.0	431324.0	552526.0	721961.0	997276.0	1566724.0	3447178.0	16295513.0
	14.0	15.0	16.0	17.0	18.0	19.0	20.0	21.0	22.0	23.0	24.0	25.0	26.0	27.0	28.0	29.0	30.0	31.0	32.0	33.0	34.0	35.0
KS30_S4_L004_R1_001_val_1	1.0	0.0	3.0	28.0	67.0	233.0	931.0	3060.0	7640.0	16611.0	33565.0	62164.0	108039.0	170088.0	250055.0	346115.0	463084.0	618850.0	866660.0	1388737.0	3255144.0	17532462.0
	14.0	15.0	16.0	17.0	18.0	19.0	20.0	21.0	22.0	23.0	24.0	25.0	26.0	27.0	28.0	29.0	30.0	31.0	32.0	33.0	34.0	35.0
KS30_S4_L004_R2_001_val_2	216.0	1095.0	2670.0	5102.0	8398.0	12919.0	21232.0	32907.0	48935.0	71405.0	102327.0	146676.0	203387.0	271857.0	355877.0	455688.0	582412.0	761029.0	1052824.0	1655896.0	3638405.0	15692280.0

